----,
DateTime:,      2022/05/19, 09:15:40, 1652976939,
PIF:,             46.28,
PARs:,        0.0,     0.0,     0.0,     0.0,     0.0,     0.0,
Light:,       0.0,     0.0,     0.0,     0.0,     0.0,     0.0,
Lamps:,    #01000,
Gain:,           1,    5, 
S/N Ratio:,    91.11,
Position:,    0.0,        0.0,   NoData,
Cycles:,        2,
     1,        99,        100,        227,
   228,      3226,       3227,       3354,
DataPt,  Time(us),         EX,         EM,       Fit,
==========,==========,==========,==========,=========,
    0,        0.0,      0.000,       0.000,      0.000,
    1,        0.8,    185.223,      25.396,      0.000,
    2,        3.3,    188.836,      27.900,      0.000,
    3,        5.8,    188.963,      30.353,      0.000,
    4,        8.3,    189.280,      34.357,      0.000,
    5,       10.8,    189.521,      37.305,      0.000,
    6,       13.3,    189.787,      40.245,      0.000,
    7,       15.8,    189.952,      43.012,      0.000,
    8,       18.3,    190.066,      45.984,      0.000,
    9,       20.8,    190.168,      48.769,      0.000,
   10,       23.3,    190.180,      51.737,      0.000,
   11,       25.8,    190.168,      54.702,      0.000,
   12,       28.3,    190.332,      57.306,      0.000,
   13,       30.8,    190.370,      59.023,      0.000,
   14,       33.3,    190.523,      60.564,      0.000,
   15,       35.8,    190.548,      62.820,      0.000,
   16,       38.3,    190.624,      63.496,      0.000,
   17,       40.8,    190.725,      65.045,      0.000,
   18,       43.3,    190.751,      65.737,      0.000,
   19,       45.8,    190.738,      66.950,      0.000,
   20,       48.3,    190.827,      65.543,      0.000,
   21,       50.8,    190.877,      66.930,      0.000,
   22,       53.3,    190.941,      68.297,      0.000,
   23,       55.8,    191.017,      67.929,      0.000,
   24,       58.3,    191.106,      67.741,      0.000,
   25,       60.8,    191.118,      68.607,      0.000,
   26,       63.3,    191.131,      68.755,      0.000,
   27,       65.8,    191.156,      67.520,      0.000,
   28,       68.3,    191.182,      68.561,      0.000,
   29,       70.8,    191.220,      69.086,      0.000,
   30,       73.3,    191.169,      69.420,      0.000,
   31,       75.8,    191.220,      69.568,      0.000,
   32,       78.3,    191.270,      68.702,      0.000,
   33,       80.8,    191.309,      69.222,      0.000,
   34,       83.3,    191.334,      69.196,      0.000,
   35,       85.8,    191.334,      68.314,      0.000,
   36,       88.3,    191.385,      70.919,      0.000,
   37,       90.8,    191.359,      70.402,      0.000,
   38,       93.3,    191.435,      68.656,      0.000,
   39,       95.8,    191.385,      70.210,      0.000,
   40,       98.3,    191.435,      69.331,      0.000,
   41,      100.8,    191.448,      69.308,      0.000,
   42,      103.3,    191.461,      69.304,      0.000,
   43,      105.8,    191.524,      70.153,      0.000,
   44,      108.3,    191.537,      68.946,      0.000,
   45,      110.8,    191.524,      70.679,      0.000,
   46,      113.3,    191.562,      70.344,      0.000,
   47,      115.8,    191.587,      69.110,      0.000,
   48,      118.3,    191.587,      70.327,      0.000,
   49,      120.8,    191.587,      70.308,      0.000,
   50,      123.3,    191.625,      71.871,      0.000,
   51,      125.8,    191.600,      71.173,      0.000,
   52,      128.3,    191.625,      69.943,      0.000,
   53,      130.8,    191.689,      72.373,      0.000,
   54,      133.3,    191.651,      71.159,      0.000,
   55,      135.8,    191.689,      70.283,      0.000,
   56,      138.3,    191.663,      70.454,      0.000,
   57,      140.8,    191.663,      71.132,      0.000,
   58,      143.3,    191.651,      68.697,      0.000,
   59,      145.8,    191.676,      70.760,      0.000,
   60,      148.3,    191.676,      70.951,      0.000,
   61,      150.8,    191.714,      71.650,      0.000,
   62,      153.3,    191.689,      70.444,      0.000,
   63,      155.8,    191.752,      71.119,      0.000,
   64,      158.3,    191.702,      71.630,      0.000,
   65,      160.8,    191.727,      71.290,      0.000,
   66,      163.3,    191.727,      71.979,      0.000,
   67,      165.8,    191.752,      71.101,      0.000,
   68,      168.3,    191.752,      71.451,      0.000,
   69,      170.8,    191.790,      71.269,      0.000,
   70,      173.3,    191.778,      70.068,      0.000,
   71,      175.8,    191.752,      71.634,      0.000,
   72,      178.3,    191.816,      70.226,      0.000,
   73,      180.8,    191.752,      70.926,      0.000,
   74,      183.3,    191.816,      71.606,      0.000,
   75,      185.8,    191.790,      71.266,      0.000,
   76,      188.3,    191.841,      72.667,      0.000,
   77,      190.8,    191.828,      71.422,      0.000,
   78,      193.3,    191.790,      71.602,      0.000,
   79,      195.8,    191.816,      72.833,      0.000,
   80,      198.3,    191.803,      72.138,      0.000,
   81,      200.8,    191.765,      71.937,      0.000,
   82,      203.3,    191.740,      72.132,      0.000,
   83,      205.8,    191.828,      70.905,      0.000,
   84,      208.3,    191.803,      72.638,      0.000,
   85,      210.8,    191.841,      71.605,      0.000,
   86,      213.3,    191.841,      71.775,      0.000,
   87,      215.8,    191.778,      70.741,      0.000,
   88,      218.3,    191.841,      72.123,      0.000,
   89,      220.8,    191.778,      72.298,      0.000,
   90,      223.3,    191.879,      71.426,      0.000,
   91,      225.8,    191.816,      70.909,      0.000,
   92,      228.3,    191.803,      70.743,      0.000,
   93,      230.8,    191.854,      71.608,      0.000,
   94,      233.3,    191.866,      71.438,      0.000,
   95,      235.8,    191.816,      72.648,      0.000,
   96,      238.3,    191.854,      70.909,      0.000,
   97,      240.8,    191.841,      72.135,      0.000,
   98,      243.3,    191.816,      71.771,      0.000,
   99,      245.8,    191.790,      70.385,      0.000,
  100,      250.8,    190.979,      71.938,      0.000,
  101,      273.3,    189.153,      74.047,      0.000,
  102,      295.8,    188.964,      73.632,      0.000,
  103,      318.3,    188.774,      72.638,      0.000,
  104,      343.3,    188.520,      71.121,      0.000,
  105,      368.3,    188.419,      70.807,      0.000,
  106,      395.8,    188.278,      68.694,      0.000,
  107,      423.3,    188.241,      68.891,      0.000,
  108,      453.3,    188.063,      67.167,      0.000,
  109,      483.3,    188.050,      66.453,      0.000,
  110,      515.8,    187.988,      65.936,      0.000,
  111,      550.8,    187.798,      66.220,      0.000,
  112,      585.8,    187.773,      64.630,      0.000,
  113,      623.3,    187.659,      64.139,      0.000,
  114,      663.3,    187.559,      64.171,      0.000,
  115,      705.8,    187.533,      63.851,      0.000,
  116,      748.3,    187.420,      62.793,      0.000,
  117,      793.3,    187.421,      63.210,      0.000,
  118,      840.8,    187.307,      62.356,      0.000,
  119,      890.8,    187.320,      61.674,      0.000,
  120,      943.3,    187.294,      60.283,      0.000,
  121,      998.3,    187.244,      59.409,      0.000,
  122,     1055.8,    187.193,      59.969,      0.000,
  123,     1115.8,    187.181,      61.217,      0.000,
  124,     1178.3,    187.079,      60.895,      0.000,
  125,     1245.8,    187.106,      58.449,      0.000,
  126,     1315.8,    187.058,      58.110,      0.000,
  127,     1388.3,    186.945,      58.115,      0.000,
  128,     1465.8,    186.984,      56.702,      0.000,
  129,     1545.8,    186.898,      56.223,      0.000,
  130,     1630.8,    186.910,      55.717,      0.000,
  131,     1720.8,    186.873,      55.200,      0.000,
  132,     1815.8,    186.874,      54.275,      0.000,
  133,     1913.3,    186.811,      55.558,      0.000,
  134,     2015.8,    186.772,      53.625,      0.000,
  135,     2123.3,    186.810,      54.173,      0.000,
  136,     2238.3,    186.773,      52.082,      0.000,
  137,     2358.3,    186.774,      52.662,      0.000,
  138,     2483.3,    186.799,      51.978,      0.000,
  139,     2615.8,    186.800,      52.348,      0.000,
  140,     2753.3,    186.802,      51.977,      0.000,
  141,     2898.3,    186.789,      50.892,      0.000,
  142,     3050.8,    186.699,      49.457,      0.000,
  143,     3210.8,    186.737,      50.508,      0.000,
  144,     3378.3,    186.701,      47.275,      0.000,
  145,     3555.8,    186.690,      49.759,      0.000,
  146,     3740.8,    186.704,      48.171,      0.000,
  147,     3935.8,    186.716,      48.347,      0.000,
  148,     4140.8,    186.627,      47.243,      0.000,
  149,     4355.8,    186.727,      47.578,      0.000,
  150,     4580.8,    186.688,      46.842,      0.000,
  151,     4818.3,    186.713,      45.187,      0.000,
  152,     5068.3,    186.651,      44.148,      0.000,
  153,     5330.8,    186.563,      43.444,      0.000,
  154,     5605.8,    186.640,      43.080,      0.000,
  155,     5895.8,    186.603,      42.402,      0.000,
  156,     6200.8,    186.690,      42.176,      0.000,
  157,     6520.8,    186.612,      41.078,      0.000,
  158,     6855.8,    186.598,      40.145,      0.000,
  159,     7208.3,    186.684,      41.854,      0.000,
  160,     7578.3,    186.618,      40.542,      0.000,
  161,     7965.8,    186.602,      40.329,      0.000,
  162,     8373.3,    186.526,      38.874,      0.000,
  163,     8800.8,    186.564,      38.720,      0.000,
  164,     9250.8,    186.619,      39.070,      0.000,
  165,     9723.3,    186.531,      38.393,      0.000,
  166,    10220.8,    186.495,      37.589,      0.000,
  167,    10743.3,    186.523,      37.449,      0.000,
  168,    11290.8,    186.438,      34.925,      0.000,
  169,    11865.8,    186.491,      36.008,      0.000,
  170,    12470.8,    186.416,      34.264,      0.000,
  171,    13105.8,    186.466,      35.211,      0.000,
  172,    13773.3,    186.411,      34.186,      0.000,
  173,    14475.8,    186.472,      34.579,      0.000,
  174,    15213.3,    186.423,      36.311,      0.000,
  175,    15988.3,    186.309,      32.983,      0.000,
  176,    16800.8,    186.334,      30.480,      0.000,
  177,    17655.8,    186.371,      31.226,      0.000,
  178,    18553.3,    186.366,      33.180,      0.000,
  179,    19495.8,    186.249,      32.900,      0.000,
  180,    20485.8,    186.348,      31.719,      0.000,
  181,    21525.8,    186.244,      32.317,      0.000,
  182,    22618.3,    186.296,      31.039,      0.000,
  183,    23768.3,    186.213,      30.999,      0.000,
  184,    24975.8,    186.153,      28.480,      0.000,
  185,    26243.3,    186.215,      30.471,      0.000,
  186,    27575.8,    186.229,      30.301,      0.000,
  187,    28975.8,    186.222,      30.240,      0.000,
  188,    30445.8,    186.145,      28.948,      0.000,
  189,    31990.8,    186.138,      29.460,      0.000,
  190,    33613.3,    186.228,      30.216,      0.000,
  191,    35318.3,    186.114,      30.331,      0.000,
  192,    37108.3,    186.100,      28.289,      0.000,
  193,    38990.8,    186.183,      27.912,      0.000,
  194,    40968.3,    186.120,      29.074,      0.000,
  195,    43045.8,    186.051,      28.669,      0.000,
  196,    45228.3,    186.074,      29.486,      0.000,
  197,    47520.8,    186.061,      29.534,      0.000,
  198,    49928.3,    186.080,      28.410,      0.000,
  199,    52458.3,    186.074,      27.652,      0.000,
  200,    55115.8,    185.982,      26.953,      0.000,
  201,    57908.3,    186.052,      29.160,      0.000,
  202,    60843.3,    186.008,      27.990,      0.000,
  203,    63925.8,    186.002,      29.243,      0.000,
  204,    67163.3,    185.891,      28.277,      0.000,
  205,    70565.8,    185.985,      28.689,      0.000,
  206,    74140.8,    185.976,      28.146,      0.000,
  207,    77895.8,    185.891,      27.118,      0.000,
  208,    81840.8,    185.964,      28.575,      0.000,
  209,    85985.8,    185.906,      25.871,      0.000,
  210,    90340.8,    185.908,      27.397,      0.000,
  211,    94915.8,    185.822,      28.945,      0.000,
  212,    99723.3,    185.849,      26.804,      0.000,
  213,   104773.3,    185.884,      28.304,      0.000,
  214,   110078.3,    185.875,      27.335,      0.000,
  215,   115653.3,    185.841,      28.042,      0.000,
  216,   121508.3,    185.870,      27.943,      0.000,
  217,   127660.8,    185.906,      28.134,      0.000,
  218,   134125.8,    185.834,      28.204,      0.000,
  219,   140915.8,    185.874,      28.130,      0.000,
  220,   148050.8,    185.830,      24.603,      0.000,
  221,   155545.8,    185.796,      27.536,      0.000,
  222,   163420.8,    185.775,      27.080,      0.000,
  223,   171695.8,    185.792,      28.220,      0.000,
  224,   180388.3,    185.767,      27.458,      0.000,
  225,   189520.8,    185.750,      27.683,      0.000,
  226,   199115.8,    185.811,      29.371,      0.000,
  227,   209195.8,    185.751,      27.691,      0.000,
  228,   219785.8,    185.824,      27.226,      0.000,
  229,   219825.8,    186.495,      30.379,      0.000,
  230,   219865.8,    186.637,      32.888,      0.000,
  231,   219905.8,    186.702,      33.583,      0.000,
  232,   219945.8,    186.740,      35.201,      0.000,
  233,   219985.8,    186.893,      39.282,      0.000,
  234,   220025.8,    186.943,      42.839,      0.000,
  235,   220065.8,    187.095,      42.299,      0.000,
  236,   220105.8,    187.069,      45.338,      0.000,
  237,   220145.8,    187.120,      46.568,      0.000,
  238,   220185.8,    187.185,      47.300,      0.000,
  239,   220225.8,    187.224,      46.237,      0.000,
  240,   220265.8,    187.186,      45.898,      0.000,
  241,   220305.8,    187.286,      46.957,      0.000,
  242,   220345.8,    187.285,      47.482,      0.000,
  243,   220385.8,    187.285,      47.281,      0.000,
  244,   220425.8,    187.285,      48.372,      0.000,
  245,   220465.8,    187.388,      49.799,      0.000,
  246,   220505.8,    187.376,      50.511,      0.000,
  247,   220545.8,    187.362,      50.133,      0.000,
  248,   220585.8,    187.324,      50.643,      0.000,
  249,   220625.8,    187.387,      50.990,      0.000,
  250,   220665.8,    187.438,      50.477,      0.000,
  251,   220705.8,    187.503,      52.440,      0.000,
  252,   220745.8,    187.489,      52.473,      0.000,
  253,   220785.8,    187.462,      51.904,      0.000,
  254,   220825.8,    187.473,      51.876,      0.000,
  255,   220865.8,    187.396,      51.915,      0.000,
  256,   220905.8,    187.448,      52.618,      0.000,
  257,   220945.8,    187.460,      52.441,      0.000,
  258,   220985.8,    187.472,      52.269,      0.000,
  259,   221025.8,    187.561,      54.239,      0.000,
  260,   221065.8,    187.486,      53.318,      0.000,
  261,   221105.8,    187.561,      52.784,      0.000,
  262,   221145.8,    187.522,      53.300,      0.000,
  263,   221185.8,    187.448,      53.810,      0.000,
  264,   221225.8,    187.473,      53.648,      0.000,
  265,   221265.8,    187.549,      54.139,      0.000,
  266,   221305.8,    187.574,      53.734,      0.000,
  267,   221345.8,    187.574,      54.430,      0.000,
  268,   221385.8,    187.612,      54.420,      0.000,
  269,   221425.8,    187.536,      56.165,      0.000,
  270,   221465.8,    187.482,      55.777,      0.000,
  271,   221505.8,    187.530,      55.798,      0.000,
  272,   221545.8,    187.478,      54.913,      0.000,
  273,   221585.8,    187.516,      54.204,      0.000,
  274,   221625.8,    187.554,      54.898,      0.000,
  275,   221665.8,    187.553,      57.338,      0.000,
  276,   221705.8,    187.514,      57.471,      0.000,
  277,   221745.8,    187.564,      56.050,      0.000,
  278,   221785.8,    187.575,      57.074,      0.000,
  279,   221825.8,    187.638,      55.641,      0.000,
  280,   221865.8,    187.536,      56.490,      0.000,
  281,   221905.8,    187.536,      55.072,      0.000,
  282,   221945.8,    187.511,      57.218,      0.000,
  283,   221985.8,    187.473,      56.705,      0.000,
  284,   222025.8,    187.536,      55.800,      0.000,
  285,   222065.8,    187.586,      55.613,      0.000,
  286,   222105.8,    187.598,      57.377,      0.000,
  287,   222145.8,    187.599,      58.077,      0.000,
  288,   222185.8,    187.534,      57.523,      0.000,
  289,   222225.8,    187.647,      57.514,      0.000,
  290,   222265.8,    187.621,      57.840,      0.000,
  291,   222305.8,    187.670,      57.996,      0.000,
  292,   222345.8,    187.618,      57.964,      0.000,
  293,   222385.8,    187.542,      58.667,      0.000,
  294,   222425.8,    187.556,      57.566,      0.000,
  295,   222465.8,    187.644,      59.469,      0.000,
  296,   222505.8,    187.517,      57.702,      0.000,
  297,   222545.8,    187.555,      57.704,      0.000,
  298,   222585.8,    187.582,      59.488,      0.000,
  299,   222625.8,    187.620,      58.253,      0.000,
  300,   222665.8,    187.619,      57.557,      0.000,
  301,   222705.8,    187.645,      58.959,      0.000,
  302,   222745.8,    187.607,      57.392,      0.000,
  303,   222785.8,    187.530,      57.200,      0.000,
  304,   222825.8,    187.542,      57.872,      0.000,
  305,   222865.8,    187.530,      59.098,      0.000,
  306,   222905.8,    187.594,      59.619,      0.000,
  307,   222945.8,    187.519,      61.173,      0.000,
  308,   222985.8,    187.545,      59.238,      0.000,
  309,   223025.8,    187.583,      58.538,      0.000,
  310,   223065.8,    187.610,      59.089,      0.000,
  311,   223105.8,    187.638,      59.788,      0.000,
  312,   223145.8,    187.575,      57.632,      0.000,
  313,   223185.8,    187.613,      59.728,      0.000,
  314,   223225.8,    187.563,      58.820,      0.000,
  315,   223265.8,    187.652,      60.601,      0.000,
  316,   223305.8,    187.566,      59.171,      0.000,
  317,   223345.8,    187.617,      59.886,      0.000,
  318,   223385.8,    187.581,      58.293,      0.000,
  319,   223425.8,    187.618,      58.964,      0.000,
  320,   223465.8,    187.543,      58.486,      0.000,
  321,   223505.8,    187.558,      59.930,      0.000,
  322,   223545.8,    187.647,      59.207,      0.000,
  323,   223585.8,    187.610,      59.880,      0.000,
  324,   223625.8,    187.622,      59.670,      0.000,
  325,   223665.8,    187.621,      59.854,      0.000,
  326,   223705.8,    187.595,      59.898,      0.000,
  327,   223745.8,    187.648,      60.225,      0.000,
  328,   223785.8,    187.626,      59.370,      0.000,
  329,   223825.8,    187.641,      59.381,      0.000,
  330,   223865.8,    187.628,      59.922,      0.000,
  331,   223905.8,    187.591,      60.458,      0.000,
  332,   223945.8,    187.643,      60.611,      0.000,
  333,   223985.8,    187.669,      59.728,      0.000,
  334,   224025.8,    187.618,      60.097,      0.000,
  335,   224065.8,    187.605,      61.909,      0.000,
  336,   224105.8,    187.580,      59.943,      0.000,
  337,   224145.8,    187.643,      61.014,      0.000,
  338,   224185.8,    187.642,      59.419,      0.000,
  339,   224225.8,    187.592,      61.345,      0.000,
  340,   224265.8,    187.618,      61.343,      0.000,
  341,   224305.8,    187.668,      60.998,      0.000,
  342,   224345.8,    187.643,      60.808,      0.000,
  343,   224385.8,    187.629,      60.628,      0.000,
  344,   224425.8,    187.554,      63.194,      0.000,
  345,   224465.8,    187.540,      62.836,      0.000,
  346,   224505.8,    187.630,      61.092,      0.000,
  347,   224545.8,    187.642,      61.118,      0.000,
  348,   224585.8,    187.693,      61.818,      0.000,
  349,   224625.8,    187.757,      60.916,      0.000,
  350,   224665.8,    187.668,      61.995,      0.000,
  351,   224705.8,    187.654,      62.032,      0.000,
  352,   224745.8,    187.592,      62.761,      0.000,
  353,   224785.8,    187.581,      60.876,      0.000,
  354,   224825.8,    187.606,      61.261,      0.000,
  355,   224865.8,    187.630,      62.482,      0.000,
  356,   224905.8,    187.716,      63.181,      0.000,
  357,   224945.8,    187.616,      62.148,      0.000,
  358,   224985.8,    187.628,      61.651,      0.000,
  359,   225025.8,    187.628,      62.766,      0.000,
  360,   225065.8,    187.666,      61.861,      0.000,
  361,   225105.8,    187.641,      60.984,      0.000,
  362,   225145.8,    187.642,      60.630,      0.000,
  363,   225185.8,    187.592,      61.199,      0.000,
  364,   225225.8,    187.645,      63.704,      0.000,
  365,   225265.8,    187.682,      62.455,      0.000,
  366,   225305.8,    187.670,      63.542,      0.000,
  367,   225345.8,    187.643,      63.373,      0.000,
  368,   225385.8,    187.680,      63.546,      0.000,
  369,   225425.8,    187.652,      62.815,      0.000,
  370,   225465.8,    187.602,      61.777,      0.000,
  371,   225505.8,    187.589,      61.749,      0.000,
  372,   225545.8,    187.615,      62.277,      0.000,
  373,   225585.8,    187.576,      63.001,      0.000,
  374,   225625.8,    187.728,      63.901,      0.000,
  375,   225665.8,    187.691,      62.833,      0.000,
  376,   225705.8,    187.666,      62.315,      0.000,
  377,   225745.8,    187.667,      62.496,      0.000,
  378,   225785.8,    187.680,      62.467,      0.000,
  379,   225825.8,    187.705,      62.653,      0.000,
  380,   225865.8,    187.668,      62.838,      0.000,
  381,   225905.8,    187.655,      63.581,      0.000,
  382,   225945.8,    187.669,      64.130,      0.000,
  383,   225985.8,    187.657,      63.436,      0.000,
  384,   226025.8,    187.682,      62.706,      0.000,
  385,   226065.8,    187.694,      62.141,      0.000,
  386,   226105.8,    187.667,      64.809,      0.000,
  387,   226145.8,    187.666,      63.753,      0.000,
  388,   226185.8,    187.640,      63.209,      0.000,
  389,   226225.8,    187.704,      64.470,      0.000,
  390,   226265.8,    187.615,      64.985,      0.000,
  391,   226305.8,    187.615,      63.237,      0.000,
  392,   226345.8,    187.626,      64.148,      0.000,
  393,   226385.8,    187.638,      63.972,      0.000,
  394,   226425.8,    187.560,      64.140,      0.000,
  395,   226465.8,    187.703,      64.807,      0.000,
  396,   226505.8,    187.692,      65.375,      0.000,
  397,   226545.8,    187.616,      65.670,      0.000,
  398,   226585.8,    187.591,      64.950,      0.000,
  399,   226625.8,    187.668,      64.075,      0.000,
  400,   226665.8,    187.655,      65.302,      0.000,
  401,   226705.8,    187.679,      63.538,      0.000,
  402,   226745.8,    187.653,      64.108,      0.000,
  403,   226785.8,    187.715,      64.065,      0.000,
  404,   226825.8,    187.666,      64.567,      0.000,
  405,   226865.8,    187.693,      64.749,      0.000,
  406,   226905.8,    187.603,      64.895,      0.000,
  407,   226945.8,    187.718,      65.589,      0.000,
  408,   226985.8,    187.641,      63.476,      0.000,
  409,   227025.8,    187.703,      63.650,      0.000,
  410,   227065.8,    187.751,      64.364,      0.000,
  411,   227105.8,    187.687,      64.535,      0.000,
  412,   227145.8,    187.688,      64.916,      0.000,
  413,   227185.8,    187.637,      65.237,      0.000,
  414,   227225.8,    187.664,      65.385,      0.000,
  415,   227265.8,    187.687,      66.080,      0.000,
  416,   227305.8,    187.649,      63.213,      0.000,
  417,   227345.8,    187.674,      65.143,      0.000,
  418,   227385.8,    187.701,      63.591,      0.000,
  419,   227425.8,    187.650,      63.115,      0.000,
  420,   227465.8,    187.699,      64.339,      0.000,
  421,   227505.8,    187.661,      64.989,      0.000,
  422,   227545.8,    187.672,      65.627,      0.000,
  423,   227585.8,    187.634,      64.674,      0.000,
  424,   227625.8,    187.683,      66.392,      0.000,
  425,   227665.8,    187.682,      65.166,      0.000,
  426,   227705.8,    187.668,      65.481,      0.000,
  427,   227745.8,    187.745,      65.865,      0.000,
  428,   227785.8,    187.770,      65.371,      0.000,
  429,   227825.8,    187.667,      63.998,      0.000,
  430,   227865.8,    187.579,      65.422,      0.000,
  431,   227905.8,    187.668,      64.517,      0.000,
  432,   227945.8,    187.721,      64.983,      0.000,
  433,   227985.8,    187.671,      65.871,      0.000,
  434,   228025.8,    187.734,      66.713,      0.000,
  435,   228065.8,    187.657,      65.858,      0.000,
  436,   228105.8,    187.681,      65.883,      0.000,
  437,   228145.8,    187.733,      63.618,      0.000,
  438,   228185.8,    187.694,      65.054,      0.000,
  439,   228225.8,    187.669,      65.394,      0.000,
  440,   228265.8,    187.681,      66.444,      0.000,
  441,   228305.8,    187.756,      66.249,      0.000,
  442,   228345.8,    187.666,      66.036,      0.000,
  443,   228385.8,    187.769,      66.577,      0.000,
  444,   228425.8,    187.690,      65.885,      0.000,
  445,   228465.8,    187.741,      65.207,      0.000,
  446,   228505.8,    187.679,      65.603,      0.000,
  447,   228545.8,    187.641,      64.736,      0.000,
  448,   228585.8,    187.679,      66.857,      0.000,
  449,   228625.8,    187.694,      66.842,      0.000,
  450,   228665.8,    187.708,      68.419,      0.000,
  451,   228705.8,    187.760,      67.912,      0.000,
  452,   228745.8,    187.659,      67.869,      0.000,
  453,   228785.8,    187.683,      67.701,      0.000,
  454,   228825.8,    187.722,      65.043,      0.000,
  455,   228865.8,    187.724,      66.470,      0.000,
  456,   228905.8,    187.699,      66.693,      0.000,
  457,   228945.8,    187.773,      65.803,      0.000,
  458,   228985.8,    187.720,      66.983,      0.000,
  459,   229025.8,    187.733,      66.955,      0.000,
  460,   229065.8,    187.734,      68.011,      0.000,
  461,   229105.8,    187.747,      67.169,      0.000,
  462,   229145.8,    187.723,      67.059,      0.000,
  463,   229185.8,    187.760,      67.114,      0.000,
  464,   229225.8,    187.723,      68.174,      0.000,
  465,   229265.8,    187.710,      67.278,      0.000,
  466,   229305.8,    187.723,      68.346,      0.000,
  467,   229345.8,    187.697,      68.346,      0.000,
  468,   229385.8,    187.683,      66.552,      0.000,
  469,   229425.8,    187.660,      66.858,      0.000,
  470,   229465.8,    187.749,      67.020,      0.000,
  471,   229505.8,    187.673,      67.735,      0.000,
  472,   229545.8,    187.685,      68.450,      0.000,
  473,   229585.8,    187.673,      70.036,      0.000,
  474,   229625.8,    187.751,      68.450,      0.000,
  475,   229665.8,    187.726,      67.581,      0.000,
  476,   229705.8,    187.765,      69.518,      0.000,
  477,   229745.8,    187.763,      67.899,      0.000,
  478,   229785.8,    187.649,      67.890,      0.000,
  479,   229825.8,    187.736,      66.303,      0.000,
  480,   229865.8,    187.659,      67.553,      0.000,
  481,   229905.8,    187.724,      67.712,      0.000,
  482,   229945.8,    187.737,      69.352,      0.000,
  483,   229985.8,    187.750,      68.467,      0.000,
  484,   230025.8,    187.712,      68.636,      0.000,
  485,   230065.8,    187.763,      68.427,      0.000,
  486,   230105.8,    187.814,      69.480,      0.000,
  487,   230145.8,    187.764,      68.425,      0.000,
  488,   230185.8,    187.690,      67.550,      0.000,
  489,   230225.8,    187.703,      67.580,      0.000,
  490,   230265.8,    187.714,      65.998,      0.000,
  491,   230305.8,    187.764,      68.483,      0.000,
  492,   230345.8,    187.737,      69.182,      0.000,
  493,   230385.8,    187.698,      68.439,      0.000,
  494,   230425.8,    187.671,      67.738,      0.000,
  495,   230465.8,    187.708,      67.778,      0.000,
  496,   230505.8,    187.746,      68.829,      0.000,
  497,   230545.8,    187.746,      68.317,      0.000,
  498,   230585.8,    187.760,      69.038,      0.000,
  499,   230625.8,    187.696,      68.332,      0.000,
  500,   230665.8,    187.670,      67.968,      0.000,
  501,   230705.8,    187.693,      67.753,      0.000,
  502,   230745.8,    187.667,      68.054,      0.000,
  503,   230785.8,    187.757,      67.846,      0.000,
  504,   230825.8,    187.719,      67.659,      0.000,
  505,   230865.8,    187.656,      69.622,      0.000,
  506,   230905.8,    187.720,      69.254,      0.000,
  507,   230945.8,    187.734,      68.043,      0.000,
  508,   230985.8,    187.735,      69.810,      0.000,
  509,   231025.8,    187.746,      69.658,      0.000,
  510,   231065.8,    187.759,      68.627,      0.000,
  511,   231105.8,    187.760,      68.239,      0.000,
  512,   231145.8,    187.772,      68.930,      0.000,
  513,   231185.8,    187.771,      69.472,      0.000,
  514,   231225.8,    187.758,      69.842,      0.000,
  515,   231265.8,    187.720,      70.189,      0.000,
  516,   231305.8,    187.757,      69.313,      0.000,
  517,   231345.8,    187.770,      67.547,      0.000,
  518,   231385.8,    187.757,      69.134,      0.000,
  519,   231425.8,    187.734,      69.117,      0.000,
  520,   231465.8,    187.746,      70.134,      0.000,
  521,   231505.8,    187.759,      70.861,      0.000,
  522,   231545.8,    187.771,      69.448,      0.000,
  523,   231585.8,    187.747,      69.462,      0.000,
  524,   231625.8,    187.798,      67.723,      0.000,
  525,   231665.8,    187.773,      68.439,      0.000,
  526,   231705.8,    187.735,      68.818,      0.000,
  527,   231745.8,    187.759,      68.293,      0.000,
  528,   231785.8,    187.707,      69.534,      0.000,
  529,   231825.8,    187.759,      69.328,      0.000,
  530,   231865.8,    187.734,      69.680,      0.000,
  531,   231905.8,    187.760,      69.688,      0.000,
  532,   231945.8,    187.698,      69.168,      0.000,
  533,   231985.8,    187.751,      67.429,      0.000,
  534,   232025.8,    187.789,      68.136,      0.000,
  535,   232065.8,    187.788,      69.512,      0.000,
  536,   232105.8,    187.812,      71.138,      0.000,
  537,   232145.8,    187.825,      70.978,      0.000,
  538,   232185.8,    187.800,      69.592,      0.000,
  539,   232225.8,    187.814,      69.811,      0.000,
  540,   232265.8,    187.764,      70.005,      0.000,
  541,   232305.8,    187.702,      69.847,      0.000,
  542,   232345.8,    187.703,      68.828,      0.000,
  543,   232385.8,    187.778,      69.570,      0.000,
  544,   232425.8,    187.777,      69.026,      0.000,
  545,   232465.8,    187.816,      69.567,      0.000,
  546,   232505.8,    187.714,      70.623,      0.000,
  547,   232545.8,    187.801,      69.719,      0.000,
  548,   232585.8,    187.775,      70.431,      0.000,
  549,   232625.8,    187.698,      70.619,      0.000,
  550,   232665.8,    187.748,      70.376,      0.000,
  551,   232705.8,    187.798,      70.012,      0.000,
  552,   232745.8,    187.747,      70.725,      0.000,
  553,   232785.8,    187.733,      70.948,      0.000,
  554,   232825.8,    187.846,      70.918,      0.000,
  555,   232865.8,    187.755,      70.036,      0.000,
  556,   232905.8,    187.706,      69.881,      0.000,
  557,   232945.8,    187.781,      70.245,      0.000,
  558,   232985.8,    187.769,      70.755,      0.000,
  559,   233025.8,    187.844,      71.093,      0.000,
  560,   233065.8,    187.769,      70.058,      0.000,
  561,   233105.8,    187.782,      70.537,      0.000,
  562,   233145.8,    187.819,      72.515,      0.000,
  563,   233185.8,    187.792,      70.924,      0.000,
  564,   233225.8,    187.753,      70.228,      0.000,
  565,   233265.8,    187.778,      70.007,      0.000,
  566,   233305.8,    187.790,      69.989,      0.000,
  567,   233345.8,    187.678,      69.934,      0.000,
  568,   233385.8,    187.741,      71.685,      0.000,
  569,   233425.8,    187.755,      70.979,      0.000,
  570,   233465.8,    187.767,      70.440,      0.000,
  571,   233505.8,    187.755,      70.082,      0.000,
  572,   233545.8,    187.815,      71.317,      0.000,
  573,   233585.8,    187.801,      70.232,      0.000,
  574,   233625.8,    187.800,      69.694,      0.000,
  575,   233665.8,    187.814,      70.415,      0.000,
  576,   233705.8,    187.814,      72.504,      0.000,
  577,   233745.8,    187.751,      71.476,      0.000,
  578,   233785.8,    187.738,      71.660,      0.000,
  579,   233825.8,    187.764,      72.123,      0.000,
  580,   233865.8,    187.776,      69.667,      0.000,
  581,   233905.8,    187.790,      68.460,      0.000,
  582,   233945.8,    187.830,      70.215,      0.000,
  583,   233985.8,    187.779,      71.434,      0.000,
  584,   234025.8,    187.768,      70.923,      0.000,
  585,   234065.8,    187.743,      71.312,      0.000,
  586,   234105.8,    187.744,      70.935,      0.000,
  587,   234145.8,    187.771,      71.321,      0.000,
  588,   234185.8,    187.772,      69.916,      0.000,
  589,   234225.8,    187.784,      72.436,      0.000,
  590,   234265.8,    187.848,      70.911,      0.000,
  591,   234305.8,    187.785,      70.397,      0.000,
  592,   234345.8,    187.823,      71.290,      0.000,
  593,   234385.8,    187.774,      72.505,      0.000,
  594,   234425.8,    187.801,      73.408,      0.000,
  595,   234465.8,    187.778,      71.817,      0.000,
  596,   234505.8,    187.791,      71.630,      0.000,
  597,   234545.8,    187.804,      71.600,      0.000,
  598,   234585.8,    187.855,      72.301,      0.000,
  599,   234625.8,    187.831,      70.156,      0.000,
  600,   234665.8,    187.756,      71.583,      0.000,
  601,   234705.8,    187.808,      72.491,      0.000,
  602,   234745.8,    187.820,      71.256,      0.000,
  603,   234785.8,    187.806,      71.937,      0.000,
  604,   234825.8,    187.755,      72.250,      0.000,
  605,   234865.8,    187.768,      70.152,      0.000,
  606,   234905.8,    187.742,      72.101,      0.000,
  607,   234945.8,    187.865,      71.779,      0.000,
  608,   234985.8,    187.789,      71.222,      0.000,
  609,   235025.8,    187.788,      70.868,      0.000,
  610,   235065.8,    187.750,      72.269,      0.000,
  611,   235105.8,    187.750,      69.042,      0.000,
  612,   235145.8,    187.750,      69.927,      0.000,
  613,   235185.8,    187.838,      72.004,      0.000,
  614,   235225.8,    187.851,      72.504,      0.000,
  615,   235265.8,    187.786,      72.139,      0.000,
  616,   235305.8,    187.800,      71.425,      0.000,
  617,   235345.8,    187.786,      71.235,      0.000,
  618,   235385.8,    187.747,      70.503,      0.000,
  619,   235425.8,    187.798,      71.920,      0.000,
  620,   235465.8,    187.672,      70.134,      0.000,
  621,   235505.8,    187.849,      70.792,      0.000,
  622,   235545.8,    187.810,      71.535,      0.000,
  623,   235585.8,    187.898,      71.688,      0.000,
  624,   235625.8,    187.847,      73.304,      0.000,
  625,   235665.8,    187.794,      71.647,      0.000,
  626,   235705.8,    187.895,      71.982,      0.000,
  627,   235745.8,    187.843,      72.863,      0.000,
  628,   235785.8,    187.766,      72.154,      0.000,
  629,   235825.8,    187.805,      71.429,      0.000,
  630,   235865.8,    187.818,      70.701,      0.000,
  631,   235905.8,    187.881,      70.701,      0.000,
  632,   235945.8,    187.817,      71.200,      0.000,
  633,   235985.8,    187.779,      71.733,      0.000,
  634,   236025.8,    187.766,      70.842,      0.000,
  635,   236065.8,    187.817,      71.343,      0.000,
  636,   236105.8,    187.766,      71.765,      0.000,
  637,   236145.8,    187.804,      72.334,      0.000,
  638,   236185.8,    187.792,      72.177,      0.000,
  639,   236225.8,    187.767,      72.569,      0.000,
  640,   236265.8,    187.780,      71.148,      0.000,
  641,   236305.8,    187.805,      72.178,      0.000,
  642,   236345.8,    187.753,      71.119,      0.000,
  643,   236385.8,    187.842,      72.078,      0.000,
  644,   236425.8,    187.829,      71.917,      0.000,
  645,   236465.8,    187.843,      71.235,      0.000,
  646,   236505.8,    187.844,      71.591,      0.000,
  647,   236545.8,    187.884,      72.312,      0.000,
  648,   236585.8,    187.821,      72.193,      0.000,
  649,   236625.8,    187.859,      71.147,      0.000,
  650,   236665.8,    187.809,      72.036,      0.000,
  651,   236705.8,    187.758,      71.710,      0.000,
  652,   236745.8,    187.770,      72.940,      0.000,
  653,   236785.8,    187.759,      74.528,      0.000,
  654,   236825.8,    187.848,      72.609,      0.000,
  655,   236865.8,    187.873,      72.608,      0.000,
  656,   236905.8,    187.872,      71.016,      0.000,
  657,   236945.8,    187.732,      73.503,      0.000,
  658,   236985.8,    187.808,      73.118,      0.000,
  659,   237025.8,    187.832,      73.644,      0.000,
  660,   237065.8,    187.908,      71.900,      0.000,
  661,   237105.8,    187.768,      72.636,      0.000,
  662,   237145.8,    187.794,      71.570,      0.000,
  663,   237185.8,    187.731,      71.633,      0.000,
  664,   237225.8,    187.757,      71.613,      0.000,
  665,   237265.8,    187.807,      71.227,      0.000,
  666,   237305.8,    187.795,      72.101,      0.000,
  667,   237345.8,    187.795,      71.377,      0.000,
  668,   237385.8,    187.759,      73.326,      0.000,
  669,   237425.8,    187.848,      73.312,      0.000,
  670,   237465.8,    187.835,      74.573,      0.000,
  671,   237505.8,    187.911,      72.407,      0.000,
  672,   237545.8,    187.809,      72.618,      0.000,
  673,   237585.8,    187.835,      72.639,      0.000,
  674,   237625.8,    187.900,      74.060,      0.000,
  675,   237665.8,    187.787,      73.212,      0.000,
  676,   237705.8,    187.812,      73.361,      0.000,
  677,   237745.8,    187.787,      72.991,      0.000,
  678,   237785.8,    187.888,      72.833,      0.000,
  679,   237825.8,    187.812,      73.378,      0.000,
  680,   237865.8,    187.811,      71.409,      0.000,
  681,   237905.8,    187.771,      71.973,      0.000,
  682,   237945.8,    187.810,      73.498,      0.000,
  683,   237985.8,    187.874,      72.918,      0.000,
  684,   238025.8,    187.887,      72.541,      0.000,
  685,   238065.8,    187.848,      72.503,      0.000,
  686,   238105.8,    187.796,      71.975,      0.000,
  687,   238145.8,    187.821,      72.521,      0.000,
  688,   238185.8,    187.795,      74.305,      0.000,
  689,   238225.8,    187.819,      72.915,      0.000,
  690,   238265.8,    187.805,      72.910,      0.000,
  691,   238305.8,    187.819,      72.748,      0.000,
  692,   238345.8,    187.796,      74.186,      0.000,
  693,   238385.8,    187.871,      72.260,      0.000,
  694,   238425.8,    187.833,      73.827,      0.000,
  695,   238465.8,    187.832,      71.683,      0.000,
  696,   238505.8,    187.808,      72.041,      0.000,
  697,   238545.8,    187.808,      72.558,      0.000,
  698,   238585.8,    187.961,      72.735,      0.000,
  699,   238625.8,    187.873,      73.470,      0.000,
  700,   238665.8,    187.871,      72.949,      0.000,
  701,   238705.8,    187.857,      72.936,      0.000,
  702,   238745.8,    187.831,      73.559,      0.000,
  703,   238785.8,    187.829,      73.536,      0.000,
  704,   238825.8,    187.803,      73.152,      0.000,
  705,   238865.8,    187.857,      73.932,      0.000,
  706,   238905.8,    187.920,      72.103,      0.000,
  707,   238945.8,    187.843,      72.829,      0.000,
  708,   238985.8,    187.841,      72.279,      0.000,
  709,   239025.8,    187.815,      72.252,      0.000,
  710,   239065.8,    187.802,      72.411,      0.000,
  711,   239105.8,    187.917,      72.285,      0.000,
  712,   239145.8,    187.904,      74.223,      0.000,
  713,   239185.8,    187.815,      72.966,      0.000,
  714,   239225.8,    187.775,      73.294,      0.000,
  715,   239265.8,    187.814,      73.450,      0.000,
  716,   239305.8,    187.803,      71.700,      0.000,
  717,   239345.8,    187.828,      71.881,      0.000,
  718,   239385.8,    187.827,      72.503,      0.000,
  719,   239425.8,    187.865,      72.325,      0.000,
  720,   239465.8,    187.878,      74.280,      0.000,
  721,   239505.8,    187.880,      73.380,      0.000,
  722,   239545.8,    187.829,      73.421,      0.000,
  723,   239585.8,    187.866,      72.491,      0.000,
  724,   239625.8,    187.789,      72.678,      0.000,
  725,   239665.8,    187.789,      73.776,      0.000,
  726,   239705.8,    187.890,      73.435,      0.000,
  727,   239745.8,    187.813,      73.766,      0.000,
  728,   239785.8,    187.838,      73.600,      0.000,
  729,   239825.8,    187.852,      72.375,      0.000,
  730,   239865.8,    187.840,      71.862,      0.000,
  731,   239905.8,    187.890,      74.145,      0.000,
  732,   239945.8,    187.814,      72.864,      0.000,
  733,   239985.8,    187.827,      73.900,      0.000,
  734,   240025.8,    187.903,      74.109,      0.000,
  735,   240065.8,    187.840,      74.135,      0.000,
  736,   240105.8,    187.890,      73.960,      0.000,
  737,   240145.8,    187.826,      72.171,      0.000,
  738,   240185.8,    187.877,      73.578,      0.000,
  739,   240225.8,    187.814,      72.705,      0.000,
  740,   240265.8,    187.790,      73.600,      0.000,
  741,   240305.8,    187.854,      73.272,      0.000,
  742,   240345.8,    187.879,      73.713,      0.000,
  743,   240385.8,    187.855,      71.407,      0.000,
  744,   240425.8,    187.890,      72.998,      0.000,
  745,   240465.8,    187.901,      72.803,      0.000,
  746,   240505.8,    187.837,      72.130,      0.000,
  747,   240545.8,    187.865,      72.508,      0.000,
  748,   240585.8,    187.842,      72.214,      0.000,
  749,   240625.8,    187.882,      72.378,      0.000,
  750,   240665.8,    187.882,      73.636,      0.000,
  751,   240705.8,    187.819,      74.135,      0.000,
  752,   240745.8,    187.933,      73.055,      0.000,
  753,   240785.8,    187.870,      74.480,      0.000,
  754,   240825.8,    187.819,      73.989,      0.000,
  755,   240865.8,    187.831,      74.519,      0.000,
  756,   240905.8,    187.831,      73.290,      0.000,
  757,   240945.8,    187.781,      75.253,      0.000,
  758,   240985.8,    187.832,      73.873,      0.000,
  759,   241025.8,    187.806,      73.363,      0.000,
  760,   241065.8,    187.908,      73.904,      0.000,
  761,   241105.8,    187.856,      74.821,      0.000,
  762,   241145.8,    187.908,      74.681,      0.000,
  763,   241185.8,    187.961,      75.394,      0.000,
  764,   241225.8,    187.860,      73.125,      0.000,
  765,   241265.8,    187.847,      73.492,      0.000,
  766,   241305.8,    187.783,      72.602,      0.000,
  767,   241345.8,    187.846,      72.210,      0.000,
  768,   241385.8,    187.845,      74.506,      0.000,
  769,   241425.8,    187.870,      73.787,      0.000,
  770,   241465.8,    187.922,      73.773,      0.000,
  771,   241505.8,    187.897,      74.853,      0.000,
  772,   241545.8,    187.884,      75.218,      0.000,
  773,   241585.8,    187.847,      74.175,      0.000,
  774,   241625.8,    187.923,      74.357,      0.000,
  775,   241665.8,    187.833,      74.714,      0.000,
  776,   241705.8,    187.871,      74.929,      0.000,
  777,   241745.8,    187.872,      73.926,      0.000,
  778,   241785.8,    187.909,      72.492,      0.000,
  779,   241825.8,    187.883,      72.986,      0.000,
  780,   241865.8,    187.833,      74.063,      0.000,
  781,   241905.8,    187.845,      72.968,      0.000,
  782,   241945.8,    187.909,      74.370,      0.000,
  783,   241985.8,    187.946,      74.509,      0.000,
  784,   242025.8,    187.972,      73.782,      0.000,
  785,   242065.8,    187.910,      73.816,      0.000,
  786,   242105.8,    187.861,      73.592,      0.000,
  787,   242145.8,    187.823,      74.094,      0.000,
  788,   242185.8,    187.772,      74.236,      0.000,
  789,   242225.8,    187.834,      74.164,      0.000,
  790,   242265.8,    187.746,      73.114,      0.000,
  791,   242305.8,    187.873,      73.617,      0.000,
  792,   242345.8,    187.874,      75.778,      0.000,
  793,   242385.8,    187.964,      73.809,      0.000,
  794,   242425.8,    187.952,      73.791,      0.000,
  795,   242465.8,    187.913,      73.477,      0.000,
  796,   242505.8,    187.874,      73.987,      0.000,
  797,   242545.8,    187.837,      74.299,      0.000,
  798,   242585.8,    187.913,      74.813,      0.000,
  799,   242625.8,    187.888,      73.521,      0.000,
  800,   242665.8,    187.837,      73.879,      0.000,
  801,   242705.8,    187.875,      74.041,      0.000,
  802,   242745.8,    187.887,      75.263,      0.000,
  803,   242785.8,    187.924,      75.418,      0.000,
  804,   242825.8,    187.862,      73.655,      0.000,
  805,   242865.8,    187.901,      73.684,      0.000,
  806,   242905.8,    187.891,      74.235,      0.000,
  807,   242945.8,    188.007,      74.758,      0.000,
  808,   242985.8,    187.932,      74.411,      0.000,
  809,   243025.8,    187.931,      74.055,      0.000,
  810,   243065.8,    187.854,      72.343,      0.000,
  811,   243105.8,    187.842,      74.282,      0.000,
  812,   243145.8,    187.867,      72.862,      0.000,
  813,   243185.8,    187.879,      74.424,      0.000,
  814,   243225.8,    187.866,      76.181,      0.000,
  815,   243265.8,    187.904,      75.297,      0.000,
  816,   243305.8,    187.943,      74.923,      0.000,
  817,   243345.8,    187.955,      74.919,      0.000,
  818,   243385.8,    187.854,      73.008,      0.000,
  819,   243425.8,    187.931,      73.872,      0.000,
  820,   243465.8,    187.943,      76.300,      0.000,
  821,   243505.8,    187.956,      75.436,      0.000,
  822,   243545.8,    187.918,      75.120,      0.000,
  823,   243585.8,    187.844,      75.151,      0.000,
  824,   243625.8,    187.857,      74.665,      0.000,
  825,   243665.8,    187.882,      74.326,      0.000,
  826,   243705.8,    187.931,      74.341,      0.000,
  827,   243745.8,    187.890,      74.494,      0.000,
  828,   243785.8,    187.851,      73.037,      0.000,
  829,   243825.8,    187.878,      73.032,      0.000,
  830,   243865.8,    187.814,      73.559,      0.000,
  831,   243905.8,    187.889,      75.313,      0.000,
  832,   243945.8,    187.901,      75.272,      0.000,
  833,   243985.8,    187.900,      75.809,      0.000,
  834,   244025.8,    187.925,      75.255,      0.000,
  835,   244065.8,    187.951,      74.038,      0.000,
  836,   244105.8,    187.862,      74.239,      0.000,
  837,   244145.8,    187.874,      76.747,      0.000,
  838,   244185.8,    187.925,      76.363,      0.000,
  839,   244225.8,    187.951,      77.635,      0.000,
  840,   244265.8,    187.887,      73.901,      0.000,
  841,   244305.8,    187.874,      74.418,      0.000,
  842,   244345.8,    187.924,      74.090,      0.000,
  843,   244385.8,    187.949,      73.924,      0.000,
  844,   244425.8,    187.872,      73.884,      0.000,
  845,   244465.8,    187.936,      74.709,      0.000,
  846,   244505.8,    187.972,      75.911,      0.000,
  847,   244545.8,    187.909,      75.561,      0.000,
  848,   244585.8,    187.885,      75.915,      0.000,
  849,   244625.8,    187.923,      76.124,      0.000,
  850,   244665.8,    187.897,      75.598,      0.000,
  851,   244705.8,    187.935,      74.684,      0.000,
  852,   244745.8,    187.909,      75.230,      0.000,
  853,   244785.8,    187.934,      75.248,      0.000,
  854,   244825.8,    187.910,      74.229,      0.000,
  855,   244865.8,    187.987,      73.580,      0.000,
  856,   244905.8,    187.873,      74.149,      0.000,
  857,   244945.8,    187.899,      75.024,      0.000,
  858,   244985.8,    187.912,      74.637,      0.000,
  859,   245025.8,    187.862,      75.167,      0.000,
  860,   245065.8,    187.888,      73.943,      0.000,
  861,   245105.8,    187.900,      75.010,      0.000,
  862,   245145.8,    187.938,      75.351,      0.000,
  863,   245185.8,    187.887,      75.175,      0.000,
  864,   245225.8,    187.877,      76.246,      0.000,
  865,   245265.8,    187.941,      74.105,      0.000,
  866,   245305.8,    187.879,      73.903,      0.000,
  867,   245345.8,    187.880,      73.593,      0.000,
  868,   245385.8,    187.905,      75.578,      0.000,
  869,   245425.8,    187.930,      75.268,      0.000,
  870,   245465.8,    187.956,      73.909,      0.000,
  871,   245505.8,    187.869,      73.546,      0.000,
  872,   245545.8,    187.895,      74.301,      0.000,
  873,   245585.8,    187.857,      74.474,      0.000,
  874,   245625.8,    187.910,      76.066,      0.000,
  875,   245665.8,    187.885,      76.090,      0.000,
  876,   245705.8,    187.923,      76.723,      0.000,
  877,   245745.8,    187.910,      75.455,      0.000,
  878,   245785.8,    187.936,      76.329,      0.000,
  879,   245825.8,    187.948,      75.950,      0.000,
  880,   245865.8,    187.948,      76.148,      0.000,
  881,   245905.8,    187.922,      74.752,      0.000,
  882,   245945.8,    187.859,      74.750,      0.000,
  883,   245985.8,    187.910,      76.328,      0.000,
  884,   246025.8,    187.860,      77.195,      0.000,
  885,   246065.8,    187.947,      76.283,      0.000,
  886,   246105.8,    187.909,      75.432,      0.000,
  887,   246145.8,    187.909,      75.773,      0.000,
  888,   246185.8,    187.944,      75.931,      0.000,
  889,   246225.8,    187.894,      73.809,      0.000,
  890,   246265.8,    187.895,      74.899,      0.000,
  891,   246305.8,    187.972,      74.523,      0.000,
  892,   246345.8,    187.896,      74.513,      0.000,
  893,   246385.8,    187.859,      74.865,      0.000,
  894,   246425.8,    187.923,      76.431,      0.000,
  895,   246465.8,    187.898,      75.859,      0.000,
  896,   246505.8,    187.973,      76.178,      0.000,
  897,   246545.8,    187.885,      75.898,      0.000,
  898,   246585.8,    187.934,      74.299,      0.000,
  899,   246625.8,    187.921,      74.322,      0.000,
  900,   246665.8,    187.870,      75.186,      0.000,
  901,   246705.8,    187.895,      75.915,      0.000,
  902,   246745.8,    187.869,      75.896,      0.000,
  903,   246785.8,    188.033,      75.342,      0.000,
  904,   246825.8,    187.928,      74.320,      0.000,
  905,   246865.8,    187.941,      75.022,      0.000,
  906,   246905.8,    187.979,      76.972,      0.000,
  907,   246945.8,    187.891,      75.920,      0.000,
  908,   246985.8,    187.867,      74.509,      0.000,
  909,   247025.8,    187.780,      75.215,      0.000,
  910,   247065.8,    187.906,      75.737,      0.000,
  911,   247105.8,    187.956,      76.248,      0.000,
  912,   247145.8,    187.879,      75.870,      0.000,
  913,   247185.8,    187.905,      74.811,      0.000,
  914,   247225.8,    187.929,      74.620,      0.000,
  915,   247265.8,    187.892,      73.060,      0.000,
  916,   247305.8,    187.930,      75.754,      0.000,
  917,   247345.8,    187.930,      75.783,      0.000,
  918,   247385.8,    187.917,      75.974,      0.000,
  919,   247425.8,    187.841,      76.183,      0.000,
  920,   247465.8,    187.868,      74.922,      0.000,
  921,   247505.8,    187.919,      75.285,      0.000,
  922,   247545.8,    187.932,      75.458,      0.000,
  923,   247585.8,    187.969,      74.387,      0.000,
  924,   247625.8,    187.917,      75.094,      0.000,
  925,   247665.8,    187.894,      76.476,      0.000,
  926,   247705.8,    187.881,      74.860,      0.000,
  927,   247745.8,    187.883,      74.711,      0.000,
  928,   247785.8,    187.949,      76.124,      0.000,
  929,   247825.8,    187.974,      75.070,      0.000,
  930,   247865.8,    187.936,      76.150,      0.000,
  931,   247905.8,    187.934,      76.157,      0.000,
  932,   247945.8,    187.908,      75.436,      0.000,
  933,   247985.8,    187.832,      74.188,      0.000,
  934,   248025.8,    187.819,      75.586,      0.000,
  935,   248065.8,    187.894,      75.403,      0.000,
  936,   248105.8,    187.906,      76.581,      0.000,
  937,   248145.8,    187.957,      74.242,      0.000,
  938,   248185.8,    187.945,      75.118,      0.000,
  939,   248225.8,    187.946,      75.781,      0.000,
  940,   248265.8,    187.933,      76.169,      0.000,
  941,   248305.8,    187.959,      77.064,      0.000,
  942,   248345.8,    187.909,      74.550,      0.000,
  943,   248385.8,    187.898,      75.288,      0.000,
  944,   248425.8,    187.936,      75.286,      0.000,
  945,   248465.8,    187.810,      76.914,      0.000,
  946,   248505.8,    187.937,      74.961,      0.000,
  947,   248545.8,    187.937,      76.199,      0.000,
  948,   248585.8,    187.963,      75.495,      0.000,
  949,   248625.8,    187.937,      75.685,      0.000,
  950,   248665.8,    187.951,      75.513,      0.000,
  951,   248705.8,    187.938,      76.230,      0.000,
  952,   248745.8,    187.887,      75.934,      0.000,
  953,   248785.8,    187.937,      75.721,      0.000,
  954,   248825.8,    187.936,      76.960,      0.000,
  955,   248865.8,    187.961,      75.396,      0.000,
  956,   248905.8,    187.949,      75.380,      0.000,
  957,   248945.8,    187.962,      76.610,      0.000,
  958,   248985.8,    187.923,      76.460,      0.000,
  959,   249025.8,    187.962,      75.599,      0.000,
  960,   249065.8,    187.949,      75.619,      0.000,
  961,   249105.8,    187.974,      76.166,      0.000,
  962,   249145.8,    187.886,      75.847,      0.000,
  963,   249185.8,    187.912,      74.303,      0.000,
  964,   249225.8,    187.937,      75.929,      0.000,
  965,   249265.8,    187.910,      75.368,      0.000,
  966,   249305.8,    187.936,      75.250,      0.000,
  967,   249345.8,    187.935,      76.336,      0.000,
  968,   249385.8,    187.959,      74.952,      0.000,
  969,   249425.8,    187.986,      75.265,      0.000,
  970,   249465.8,    187.922,      75.072,      0.000,
  971,   249505.8,    187.948,      77.223,      0.000,
  972,   249545.8,    187.985,      75.598,      0.000,
  973,   249585.8,    187.947,      76.129,      0.000,
  974,   249625.8,    187.922,      74.729,      0.000,
  975,   249665.8,    187.872,      75.248,      0.000,
  976,   249705.8,    187.948,      75.657,      0.000,
  977,   249745.8,    187.897,      75.690,      0.000,
  978,   249785.8,    187.960,      77.100,      0.000,
  979,   249825.8,    187.923,      76.247,      0.000,
  980,   249865.8,    187.908,      75.715,      0.000,
  981,   249905.8,    187.856,      76.208,      0.000,
  982,   249945.8,    187.906,      75.858,      0.000,
  983,   249985.8,    187.943,      75.660,      0.000,
  984,   250025.8,    187.982,      74.771,      0.000,
  985,   250065.8,    187.906,      75.968,      0.000,
  986,   250105.8,    187.893,      76.125,      0.000,
  987,   250145.8,    187.993,      77.047,      0.000,
  988,   250185.8,    187.918,      76.516,      0.000,
  989,   250225.8,    187.942,      74.715,      0.000,
  990,   250265.8,    188.018,      78.068,      0.000,
  991,   250305.8,    187.982,      78.076,      0.000,
  992,   250345.8,    187.996,      76.991,      0.000,
  993,   250385.8,    187.957,      75.920,      0.000,
  994,   250425.8,    187.932,      75.057,      0.000,
  995,   250465.8,    187.931,      74.984,      0.000,
  996,   250505.8,    187.956,      74.656,      0.000,
  997,   250545.8,    187.906,      76.255,      0.000,
  998,   250585.8,    188.047,      77.107,      0.000,
  999,   250625.8,    188.021,      76.234,      0.000,
 1000,   250665.8,    188.033,      74.971,      0.000,
 1001,   250705.8,    187.957,      75.132,      0.000,
 1002,   250745.8,    187.919,      75.424,      0.000,
 1003,   250785.8,    187.956,      77.182,      0.000,
 1004,   250825.8,    187.944,      76.256,      0.000,
 1005,   250865.8,    187.922,      75.054,      0.000,
 1006,   250905.8,    187.922,      76.492,      0.000,
 1007,   250945.8,    187.975,      76.315,      0.000,
 1008,   250985.8,    187.924,      76.493,      0.000,
 1009,   251025.8,    187.936,      75.791,      0.000,
 1010,   251065.8,    187.924,      75.946,      0.000,
 1011,   251105.8,    187.988,      75.717,      0.000,
 1012,   251145.8,    187.976,      76.937,      0.000,
 1013,   251185.8,    188.001,      77.136,      0.000,
 1014,   251225.8,    187.962,      76.612,      0.000,
 1015,   251265.8,    187.962,      77.017,      0.000,
 1016,   251305.8,    188.000,      76.964,      0.000,
 1017,   251345.8,    187.923,      75.694,      0.000,
 1018,   251385.8,    187.923,      75.286,      0.000,
 1019,   251425.8,    187.973,      77.402,      0.000,
 1020,   251465.8,    187.973,      76.481,      0.000,
 1021,   251505.8,    188.011,      78.420,      0.000,
 1022,   251545.8,    187.987,      76.485,      0.000,
 1023,   251585.8,    187.935,      75.258,      0.000,
 1024,   251625.8,    187.948,      75.817,      0.000,
 1025,   251665.8,    187.961,      74.946,      0.000,
 1026,   251705.8,    187.948,      75.638,      0.000,
 1027,   251745.8,    187.961,      76.650,      0.000,
 1028,   251785.8,    187.996,      77.868,      0.000,
 1029,   251825.8,    187.960,      76.860,      0.000,
 1030,   251865.8,    187.921,      77.371,      0.000,
 1031,   251905.8,    187.972,      75.614,      0.000,
 1032,   251945.8,    187.934,      74.360,      0.000,
 1033,   251985.8,    188.024,      75.767,      0.000,
 1034,   252025.8,    187.985,      75.599,      0.000,
 1035,   252065.8,    187.923,      77.223,      0.000,
 1036,   252105.8,    187.897,      77.559,      0.000,
 1037,   252145.8,    188.011,      77.032,      0.000,
 1038,   252185.8,    188.010,      77.046,      0.000,
 1039,   252225.8,    187.961,      75.936,      0.000,
 1040,   252265.8,    188.012,      75.949,      0.000,
 1041,   252305.8,    188.000,      76.828,      0.000,
 1042,   252345.8,    187.988,      77.939,      0.000,
 1043,   252385.8,    187.913,      76.207,      0.000,
 1044,   252425.8,    187.965,      77.105,      0.000,
 1045,   252465.8,    188.015,      77.097,      0.000,
 1046,   252505.8,    188.014,      76.719,      0.000,
 1047,   252545.8,    187.926,      76.515,      0.000,
 1048,   252585.8,    187.887,      75.111,      0.000,
 1049,   252625.8,    188.002,      75.805,      0.000,
 1050,   252665.8,    187.889,      76.189,      0.000,
 1051,   252705.8,    187.965,      76.211,      0.000,
 1052,   252745.8,    187.939,      75.892,      0.000,
 1053,   252785.8,    187.966,      76.422,      0.000,
 1054,   252825.8,    187.929,      76.047,      0.000,
 1055,   252865.8,    187.928,      76.300,      0.000,
 1056,   252905.8,    187.927,      76.297,      0.000,
 1057,   252945.8,    188.004,      77.499,      0.000,
 1058,   252985.8,    187.978,      77.185,      0.000,
 1059,   253025.8,    187.954,      77.383,      0.000,
 1060,   253065.8,    187.941,      76.525,      0.000,
 1061,   253105.8,    188.029,      76.874,      0.000,
 1062,   253145.8,    188.016,      76.298,      0.000,
 1063,   253185.8,    187.915,      75.227,      0.000,
 1064,   253225.8,    188.029,      76.406,      0.000,
 1065,   253265.8,    187.964,      76.238,      0.000,
 1066,   253305.8,    188.014,      78.205,      0.000,
 1067,   253345.8,    188.002,      77.673,      0.000,
 1068,   253385.8,    187.926,      76.591,      0.000,
 1069,   253425.8,    187.874,      76.182,      0.000,
 1070,   253465.8,    187.936,      76.534,      0.000,
 1071,   253505.8,    187.934,      76.327,      0.000,
 1072,   253545.8,    187.984,      77.903,      0.000,
 1073,   253585.8,    188.046,      77.888,      0.000,
 1074,   253625.8,    187.995,      77.751,      0.000,
 1075,   253665.8,    188.020,      75.810,      0.000,
 1076,   253705.8,    187.946,      75.831,      0.000,
 1077,   253745.8,    187.959,      76.328,      0.000,
 1078,   253785.8,    187.996,      77.375,      0.000,
 1079,   253825.8,    187.956,      77.743,      0.000,
 1080,   253865.8,    187.931,      78.304,      0.000,
 1081,   253905.8,    187.995,      74.925,      0.000,
 1082,   253945.8,    187.957,      77.036,      0.000,
 1083,   253985.8,    187.932,      76.349,      0.000,
 1084,   254025.8,    187.933,      76.179,      0.000,
 1085,   254065.8,    187.958,      75.319,      0.000,
 1086,   254105.8,    188.009,      77.614,      0.000,
 1087,   254145.8,    187.971,      76.755,      0.000,
 1088,   254185.8,    188.009,      78.875,      0.000,
 1089,   254225.8,    187.972,      75.528,      0.000,
 1090,   254265.8,    188.022,      76.792,      0.000,
 1091,   254305.8,    187.896,      73.936,      0.000,
 1092,   254345.8,    187.910,      75.876,      0.000,
 1093,   254385.8,    187.960,      76.057,      0.000,
 1094,   254425.8,    187.959,      76.056,      0.000,
 1095,   254465.8,    187.960,      77.356,      0.000,
 1096,   254505.8,    188.012,      76.845,      0.000,
 1097,   254545.8,    188.037,      76.693,      0.000,
 1098,   254585.8,    187.999,      76.308,      0.000,
 1099,   254625.8,    187.985,      76.630,      0.000,
 1100,   254665.8,    187.999,      76.082,      0.000,
 1101,   254705.8,    187.922,      76.484,      0.000,
 1102,   254745.8,    187.961,      75.774,      0.000,
 1103,   254785.8,    187.923,      75.291,      0.000,
 1104,   254825.8,    187.948,      77.425,      0.000,
 1105,   254865.8,    188.000,      76.903,      0.000,
 1106,   254905.8,    187.898,      75.828,      0.000,
 1107,   254945.8,    187.948,      77.787,      0.000,
 1108,   254985.8,    188.038,      76.750,      0.000,
 1109,   255025.8,    187.975,      76.638,      0.000,
 1110,   255065.8,    187.926,      77.541,      0.000,
 1111,   255105.8,    188.003,      78.255,      0.000,
 1112,   255145.8,    188.067,      76.825,      0.000,
 1113,   255185.8,    188.015,      76.645,      0.000,
 1114,   255225.8,    187.977,      76.263,      0.000,
 1115,   255265.8,    187.963,      76.938,      0.000,
 1116,   255305.8,    187.960,      78.502,      0.000,
 1117,   255345.8,    188.062,      76.916,      0.000,
 1118,   255385.8,    188.025,      77.658,      0.000,
 1119,   255425.8,    187.976,      77.703,      0.000,
 1120,   255465.8,    187.925,      77.487,      0.000,
 1121,   255505.8,    187.923,      75.382,      0.000,
 1122,   255545.8,    187.948,      75.721,      0.000,
 1123,   255585.8,    187.985,      77.968,      0.000,
 1124,   255625.8,    187.971,      77.790,      0.000,
 1125,   255665.8,    187.998,      76.566,      0.000,
 1126,   255705.8,    187.960,      77.139,      0.000,
 1127,   255745.8,    187.948,      76.087,      0.000,
 1128,   255785.8,    187.900,      73.975,      0.000,
 1129,   255825.8,    187.962,      77.504,      0.000,
 1130,   255865.8,    187.924,      78.013,      0.000,
 1131,   255905.8,    188.013,      76.603,      0.000,
 1132,   255945.8,    188.052,      78.202,      0.000,
 1133,   255985.8,    188.051,      77.322,      0.000,
 1134,   256025.8,    188.002,      78.540,      0.000,
 1135,   256065.8,    188.028,      78.367,      0.000,
 1136,   256105.8,    187.978,      76.996,      0.000,
 1137,   256145.8,    187.941,      77.185,      0.000,
 1138,   256185.8,    188.080,      78.231,      0.000,
 1139,   256225.8,    188.005,      77.856,      0.000,
 1140,   256265.8,    188.007,      78.245,      0.000,
 1141,   256305.8,    187.983,      78.781,      0.000,
 1142,   256345.8,    187.983,      76.314,      0.000,
 1143,   256385.8,    187.983,      76.848,      0.000,
 1144,   256425.8,    187.945,      76.167,      0.000,
 1145,   256465.8,    187.944,      76.905,      0.000,
 1146,   256505.8,    188.034,      77.247,      0.000,
 1147,   256545.8,    188.022,      76.721,      0.000,
 1148,   256585.8,    188.009,      76.163,      0.000,
 1149,   256625.8,    187.997,      75.777,      0.000,
 1150,   256665.8,    187.970,      77.385,      0.000,
 1151,   256705.8,    187.982,      77.923,      0.000,
 1152,   256745.8,    188.019,      77.531,      0.000,
 1153,   256785.8,    187.970,      78.316,      0.000,
 1154,   256825.8,    187.907,      78.186,      0.000,
 1155,   256865.8,    188.021,      78.724,      0.000,
 1156,   256905.8,    188.084,      76.612,      0.000,
 1157,   256945.8,    188.032,      77.349,      0.000,
 1158,   256985.8,    187.956,      78.411,      0.000,
 1159,   257025.8,    187.931,      76.794,      0.000,
 1160,   257065.8,    188.006,      76.268,      0.000,
 1161,   257105.8,    188.044,      76.287,      0.000,
 1162,   257145.8,    188.006,      76.267,      0.000,
 1163,   257185.8,    187.981,      76.991,      0.000,
 1164,   257225.8,    187.931,      76.466,      0.000,
 1165,   257265.8,    187.956,      76.950,      0.000,
 1166,   257305.8,    187.918,      76.576,      0.000,
 1167,   257345.8,    187.993,      77.303,      0.000,
 1168,   257385.8,    188.029,      78.024,      0.000,
 1169,   257425.8,    188.016,      76.623,      0.000,
 1170,   257465.8,    188.030,      77.331,      0.000,
 1171,   257505.8,    188.029,      76.261,      0.000,
 1172,   257545.8,    188.015,      76.807,      0.000,
 1173,   257585.8,    188.002,      77.518,      0.000,
 1174,   257625.8,    188.026,      77.321,      0.000,
 1175,   257665.8,    188.038,      78.210,      0.000,
 1176,   257705.8,    187.962,      78.702,      0.000,
 1177,   257745.8,    187.988,      78.529,      0.000,
 1178,   257785.8,    187.978,      79.057,      0.000,
 1179,   257825.8,    188.003,      78.710,      0.000,
 1180,   257865.8,    188.014,      77.987,      0.000,
 1181,   257905.8,    187.962,      76.537,      0.000,
 1182,   257945.8,    187.987,      76.161,      0.000,
 1183,   257985.8,    187.924,      76.893,      0.000,
 1184,   258025.8,    187.988,      77.434,      0.000,
 1185,   258065.8,    188.065,      77.252,      0.000,
 1186,   258105.8,    188.000,      77.608,      0.000,
 1187,   258145.8,    187.951,      76.546,      0.000,
 1188,   258185.8,    187.976,      76.373,      0.000,
 1189,   258225.8,    187.963,      75.634,      0.000,
 1190,   258265.8,    188.015,      75.825,      0.000,
 1191,   258305.8,    188.040,      78.265,      0.000,
 1192,   258345.8,    188.078,      78.292,      0.000,
 1193,   258385.8,    188.014,      76.502,      0.000,
 1194,   258425.8,    187.962,      76.864,      0.000,
 1195,   258465.8,    187.949,      77.529,      0.000,
 1196,   258505.8,    187.989,      78.438,      0.000,
 1197,   258545.8,    188.014,      77.371,      0.000,
 1198,   258585.8,    188.001,      79.126,      0.000,
 1199,   258625.8,    188.026,      77.884,      0.000,
 1200,   258665.8,    188.089,      76.482,      0.000,
 1201,   258705.8,    188.130,      77.018,      0.000,
 1202,   258745.8,    188.106,      76.183,      0.000,
 1203,   258785.8,    187.940,      76.700,      0.000,
 1204,   258825.8,    187.965,      78.440,      0.000,
 1205,   258865.8,    187.991,      80.080,      0.000,
 1206,   258905.8,    187.990,      77.592,      0.000,
 1207,   258945.8,    187.927,      77.406,      0.000,
 1208,   258985.8,    188.079,      76.688,      0.000,
 1209,   259025.8,    188.054,      76.873,      0.000,
 1210,   259065.8,    187.977,      77.753,      0.000,
 1211,   259105.8,    188.040,      77.372,      0.000,
 1212,   259145.8,    188.014,      78.410,      0.000,
 1213,   259185.8,    188.040,      77.699,      0.000,
 1214,   259225.8,    188.052,      78.059,      0.000,
 1215,   259265.8,    187.951,      77.735,      0.000,
 1216,   259305.8,    188.000,      77.192,      0.000,
 1217,   259345.8,    187.948,      78.416,      0.000,
 1218,   259385.8,    188.061,      77.526,      0.000,
 1219,   259425.8,    188.023,      79.476,      0.000,
 1220,   259465.8,    187.999,      78.065,      0.000,
 1221,   259505.8,    187.923,      78.959,      0.000,
 1222,   259545.8,    188.038,      77.516,      0.000,
 1223,   259585.8,    188.052,      76.922,      0.000,
 1224,   259625.8,    188.039,      78.531,      0.000,
 1225,   259665.8,    187.975,      77.693,      0.000,
 1226,   259705.8,    188.064,      78.236,      0.000,
 1227,   259745.8,    187.975,      77.885,      0.000,
 1228,   259785.8,    188.024,      77.215,      0.000,
 1229,   259825.8,    187.974,      77.389,      0.000,
 1230,   259865.8,    188.036,      78.804,      0.000,
 1231,   259905.8,    188.037,      79.875,      0.000,
 1232,   259945.8,    188.025,      77.220,      0.000,
 1233,   259985.8,    188.063,      76.905,      0.000,
 1234,   260025.8,    188.114,      77.407,      0.000,
 1235,   260065.8,    187.962,      77.585,      0.000,
 1236,   260105.8,    188.014,      78.309,      0.000,
 1237,   260145.8,    188.014,      78.857,      0.000,
 1238,   260185.8,    188.116,      78.720,      0.000,
 1239,   260225.8,    187.977,      78.744,      0.000,
 1240,   260265.8,    188.052,      78.386,      0.000,
 1241,   260305.8,    187.950,      78.439,      0.000,
 1242,   260345.8,    187.999,      77.331,      0.000,
 1243,   260385.8,    188.013,      78.028,      0.000,
 1244,   260425.8,    187.950,      77.705,      0.000,
 1245,   260465.8,    188.077,      78.619,      0.000,
 1246,   260505.8,    188.064,      76.317,      0.000,
 1247,   260545.8,    188.050,      77.361,      0.000,
 1248,   260585.8,    188.052,      78.266,      0.000,
 1249,   260625.8,    188.026,      78.281,      0.000,
 1250,   260665.8,    188.077,      77.391,      0.000,
 1251,   260705.8,    188.040,      78.303,      0.000,
 1252,   260745.8,    188.004,      78.524,      0.000,
 1253,   260785.8,    188.004,      78.335,      0.000,
 1254,   260825.8,    188.016,      77.977,      0.000,
 1255,   260865.8,    188.030,      79.570,      0.000,
 1256,   260905.8,    187.993,      77.630,      0.000,
 1257,   260945.8,    188.020,      77.092,      0.000,
 1258,   260985.8,    188.033,      77.464,      0.000,
 1259,   261025.8,    188.032,      79.431,      0.000,
 1260,   261065.8,    188.043,      78.921,      0.000,
 1261,   261105.8,    187.994,      78.594,      0.000,
 1262,   261145.8,    187.993,      78.925,      0.000,
 1263,   261185.8,    187.993,      76.951,      0.000,
 1264,   261225.8,    188.019,      78.019,      0.000,
 1265,   261265.8,    188.031,      78.479,      0.000,
 1266,   261305.8,    188.054,      80.221,      0.000,
 1267,   261345.8,    187.977,      76.668,      0.000,
 1268,   261385.8,    188.028,      77.534,      0.000,
 1269,   261425.8,    187.989,      78.743,      0.000,
 1270,   261465.8,    187.964,      78.528,      0.000,
 1271,   261505.8,    188.092,      78.479,      0.000,
 1272,   261545.8,    188.016,      78.961,      0.000,
 1273,   261585.8,    188.003,      78.075,      0.000,
 1274,   261625.8,    187.952,      77.711,      0.000,
 1275,   261665.8,    187.965,      77.525,      0.000,
 1276,   261705.8,    188.027,      78.393,      0.000,
 1277,   261745.8,    188.002,      78.340,      0.000,
 1278,   261785.8,    188.039,      77.763,      0.000,
 1279,   261825.8,    188.051,      77.728,      0.000,
 1280,   261865.8,    188.040,      78.935,      0.000,
 1281,   261905.8,    188.015,      77.346,      0.000,
 1282,   261945.8,    188.042,      78.246,      0.000,
 1283,   261985.8,    188.015,      79.325,      0.000,
 1284,   262025.8,    188.051,      79.279,      0.000,
 1285,   262065.8,    188.038,      77.991,      0.000,
 1286,   262105.8,    188.000,      80.262,      0.000,
 1287,   262145.8,    187.975,      78.668,      0.000,
 1288,   262185.8,    188.050,      79.178,      0.000,
 1289,   262225.8,    188.049,      77.764,      0.000,
 1290,   262265.8,    188.061,      77.409,      0.000,
 1291,   262305.8,    187.984,      78.274,      0.000,
 1292,   262345.8,    188.022,      78.638,      0.000,
 1293,   262385.8,    188.035,      78.312,      0.000,
 1294,   262425.8,    188.073,      78.859,      0.000,
 1295,   262465.8,    187.959,      79.190,      0.000,
 1296,   262505.8,    188.035,      79.154,      0.000,
 1297,   262545.8,    188.033,      78.812,      0.000,
 1298,   262585.8,    187.995,      78.495,      0.000,
 1299,   262625.8,    187.957,      76.736,      0.000,
 1300,   262665.8,    187.995,      78.006,      0.000,
 1301,   262705.8,    187.969,      78.900,      0.000,
 1302,   262745.8,    187.995,      77.680,      0.000,
 1303,   262785.8,    187.969,      79.145,      0.000,
 1304,   262825.8,    188.082,      78.604,      0.000,
 1305,   262865.8,    188.058,      80.581,      0.000,
 1306,   262905.8,    187.997,      76.930,      0.000,
 1307,   262945.8,    188.061,      77.490,      0.000,
 1308,   262985.8,    188.037,      77.735,      0.000,
 1309,   263025.8,    187.987,      77.774,      0.000,
 1310,   263065.8,    187.998,      76.714,      0.000,
 1311,   263105.8,    188.009,      78.845,      0.000,
 1312,   263145.8,    187.969,      80.124,      0.000,
 1313,   263185.8,    188.007,      78.909,      0.000,
 1314,   263225.8,    188.020,      79.759,      0.000,
 1315,   263265.8,    187.994,      77.447,      0.000,
 1316,   263305.8,    188.020,      76.969,      0.000,
 1317,   263345.8,    187.981,      76.460,      0.000,
 1318,   263385.8,    188.068,      77.331,      0.000,
 1319,   263425.8,    188.042,      79.117,      0.000,
 1320,   263465.8,    188.066,      78.088,      0.000,
 1321,   263505.8,    188.029,      78.077,      0.000,
 1322,   263545.8,    188.014,      77.907,      0.000,
 1323,   263585.8,    187.949,      76.988,      0.000,
 1324,   263625.8,    187.986,      77.000,      0.000,
 1325,   263665.8,    187.987,      77.385,      0.000,
 1326,   263705.8,    187.962,      76.872,      0.000,
 1327,   263745.8,    188.051,      77.440,      0.000,
 1328,   263785.8,    188.114,      80.391,      0.000,
 1329,   263825.8,    188.115,      80.046,      0.000,
 1330,   263865.8,    188.039,      78.811,      0.000,
 1331,   263905.8,    188.013,      78.807,      0.000,
 1332,   263945.8,    188.089,      78.594,      0.000,
 1333,   263985.8,    188.037,      80.150,      0.000,
 1334,   264025.8,    188.036,      77.790,      0.000,
 1335,   264065.8,    188.073,      79.668,      0.000,
 1336,   264105.8,    188.048,      78.238,      0.000,
 1337,   264145.8,    187.998,      78.284,      0.000,
 1338,   264185.8,    187.909,      77.584,      0.000,
 1339,   264225.8,    187.973,      78.265,      0.000,
 1340,   264265.8,    188.011,      78.762,      0.000,
 1341,   264305.8,    188.036,      78.250,      0.000,
 1342,   264345.8,    188.087,      78.945,      0.000,
 1343,   264385.8,    188.061,      79.354,      0.000,
 1344,   264425.8,    188.024,      78.952,      0.000,
 1345,   264465.8,    188.049,      78.257,      0.000,
 1346,   264505.8,    187.986,      78.589,      0.000,
 1347,   264545.8,    188.074,      79.106,      0.000,
 1348,   264585.8,    188.000,      78.055,      0.000,
 1349,   264625.8,    187.961,      78.044,      0.000,
 1350,   264665.8,    188.000,      77.181,      0.000,
 1351,   264705.8,    187.973,      79.854,      0.000,
 1352,   264745.8,    188.000,      79.849,      0.000,
 1353,   264785.8,    188.052,      80.019,      0.000,
 1354,   264825.8,    187.976,      79.162,      0.000,
 1355,   264865.8,    188.014,      77.941,      0.000,
 1356,   264905.8,    188.025,      77.561,      0.000,
 1357,   264945.8,    188.025,      78.259,      0.000,
 1358,   264985.8,    188.028,      79.160,      0.000,
 1359,   265025.8,    188.029,      78.804,      0.000,
 1360,   265065.8,    188.029,      77.727,      0.000,
 1361,   265105.8,    188.027,      78.439,      0.000,
 1362,   265145.8,    188.004,      79.349,      0.000,
 1363,   265185.8,    188.019,      79.337,      0.000,
 1364,   265225.8,    188.007,      79.311,      0.000,
 1365,   265265.8,    188.019,      77.008,      0.000,
 1366,   265305.8,    187.943,      78.642,      0.000,
 1367,   265345.8,    188.007,      78.785,      0.000,
 1368,   265385.8,    187.955,      77.378,      0.000,
 1369,   265425.8,    188.020,      79.858,      0.000,
 1370,   265465.8,    188.046,      80.203,      0.000,
 1371,   265505.8,    188.048,      79.859,      0.000,
 1372,   265545.8,    188.021,      78.669,      0.000,
 1373,   265585.8,    188.149,      79.545,      0.000,
 1374,   265625.8,    188.010,      78.875,      0.000,
 1375,   265665.8,    188.073,      79.364,      0.000,
 1376,   265705.8,    188.009,      77.609,      0.000,
 1377,   265745.8,    187.958,      79.315,      0.000,
 1378,   265785.8,    188.035,      79.135,      0.000,
 1379,   265825.8,    188.035,      78.784,      0.000,
 1380,   265865.8,    188.061,      78.123,      0.000,
 1381,   265905.8,    188.012,      79.536,      0.000,
 1382,   265945.8,    188.075,      79.695,      0.000,
 1383,   265985.8,    188.112,      79.680,      0.000,
 1384,   266025.8,    188.062,      79.517,      0.000,
 1385,   266065.8,    188.088,      81.106,      0.000,
 1386,   266105.8,    187.972,      79.869,      0.000,
 1387,   266145.8,    188.047,      80.401,      0.000,
 1388,   266185.8,    187.982,      77.889,      0.000,
 1389,   266225.8,    187.971,      76.984,      0.000,
 1390,   266265.8,    188.035,      79.108,      0.000,
 1391,   266305.8,    188.011,      77.867,      0.000,
 1392,   266345.8,    188.011,      78.723,      0.000,
 1393,   266385.8,    188.061,      79.927,      0.000,
 1394,   266425.8,    188.024,      80.331,      0.000,
 1395,   266465.8,    188.116,      78.749,      0.000,
 1396,   266505.8,    188.041,      78.755,      0.000,
 1397,   266545.8,    188.028,      77.861,      0.000,
 1398,   266585.8,    188.090,      78.043,      0.000,
 1399,   266625.8,    187.962,      78.214,      0.000,
 1400,   266665.8,    188.013,      78.911,      0.000,
 1401,   266705.8,    188.040,      79.612,      0.000,
 1402,   266745.8,    188.078,      78.502,      0.000,
 1403,   266785.8,    188.065,      78.848,      0.000,
 1404,   266825.8,    188.091,      79.179,      0.000,
 1405,   266865.8,    188.002,      78.478,      0.000,
 1406,   266905.8,    187.989,      79.316,      0.000,
 1407,   266945.8,    188.064,      79.485,      0.000,
 1408,   266985.8,    188.102,      78.834,      0.000,
 1409,   267025.8,    188.102,      78.629,      0.000,
 1410,   267065.8,    188.113,      79.707,      0.000,
 1411,   267105.8,    187.973,      78.761,      0.000,
 1412,   267145.8,    187.961,      77.845,      0.000,
 1413,   267185.8,    187.975,      79.295,      0.000,
 1414,   267225.8,    187.986,      79.069,      0.000,
 1415,   267265.8,    188.025,      78.898,      0.000,
 1416,   267305.8,    188.101,      79.934,      0.000,
 1417,   267345.8,    188.063,      80.167,      0.000,
 1418,   267385.8,    188.024,      78.549,      0.000,
 1419,   267425.8,    188.011,      77.658,      0.000,
 1420,   267465.8,    188.048,      78.163,      0.000,
 1421,   267505.8,    188.113,      80.439,      0.000,
 1422,   267545.8,    188.036,      79.534,      0.000,
 1423,   267585.8,    188.088,      78.151,      0.000,
 1424,   267625.8,    188.037,      79.616,      0.000,
 1425,   267665.8,    188.061,      79.465,      0.000,
 1426,   267705.8,    188.023,      78.431,      0.000,
 1427,   267745.8,    188.024,      79.307,      0.000,
 1428,   267785.8,    187.998,      77.710,      0.000,
 1429,   267825.8,    188.034,      77.346,      0.000,
 1430,   267865.8,    187.984,      80.326,      0.000,
 1431,   267905.8,    188.010,      78.045,      0.000,
 1432,   267945.8,    188.060,      80.176,      0.000,
 1433,   267985.8,    188.047,      79.609,      0.000,
 1434,   268025.8,    188.096,      79.611,      0.000,
 1435,   268065.8,    188.057,      79.569,      0.000,
 1436,   268105.8,    188.043,      79.796,      0.000,
 1437,   268145.8,    188.019,      78.962,      0.000,
 1438,   268185.8,    188.056,      80.218,      0.000,
 1439,   268225.8,    188.056,      79.830,      0.000,
 1440,   268265.8,    188.108,      78.006,      0.000,
 1441,   268305.8,    188.044,      78.744,      0.000,
 1442,   268345.8,    188.068,      78.241,      0.000,
 1443,   268385.8,    188.043,      77.895,      0.000,
 1444,   268425.8,    188.041,      78.652,      0.000,
 1445,   268465.8,    188.042,      80.224,      0.000,
 1446,   268505.8,    188.093,      79.165,      0.000,
 1447,   268545.8,    188.055,      79.700,      0.000,
 1448,   268585.8,    188.067,      79.320,      0.000,
 1449,   268625.8,    188.040,      77.529,      0.000,
 1450,   268665.8,    188.028,      79.442,      0.000,
 1451,   268705.8,    188.117,      80.132,      0.000,
 1452,   268745.8,    188.106,      81.931,      0.000,
 1453,   268785.8,    188.093,      79.834,      0.000,
 1454,   268825.8,    187.993,      77.761,      0.000,
 1455,   268865.8,    188.082,      78.828,      0.000,
 1456,   268905.8,    188.057,      79.185,      0.000,
 1457,   268945.8,    188.106,      80.559,      0.000,
 1458,   268985.8,    188.068,      79.127,      0.000,
 1459,   269025.8,    187.954,      77.546,      0.000,
 1460,   269065.8,    187.979,      78.423,      0.000,
 1461,   269105.8,    188.014,      79.656,      0.000,
 1462,   269145.8,    188.078,      79.283,      0.000,
 1463,   269185.8,    188.103,      78.375,      0.000,
 1464,   269225.8,    188.064,      79.786,      0.000,
 1465,   269265.8,    188.001,      79.571,      0.000,
 1466,   269305.8,    188.114,      78.472,      0.000,
 1467,   269345.8,    188.101,      78.997,      0.000,
 1468,   269385.8,    188.038,      78.107,      0.000,
 1469,   269425.8,    188.002,      79.197,      0.000,
 1470,   269465.8,    188.067,      77.984,      0.000,
 1471,   269505.8,    188.080,      79.051,      0.000,
 1472,   269545.8,    188.015,      78.687,      0.000,
 1473,   269585.8,    188.053,      79.945,      0.000,
 1474,   269625.8,    188.052,      78.875,      0.000,
 1475,   269665.8,    188.064,      78.673,      0.000,
 1476,   269705.8,    188.089,      79.888,      0.000,
 1477,   269745.8,    188.062,      79.695,      0.000,
 1478,   269785.8,    188.128,      80.188,      0.000,
 1479,   269825.8,    188.053,      78.451,      0.000,
 1480,   269865.8,    188.078,      78.650,      0.000,
 1481,   269905.8,    188.053,      79.533,      0.000,
 1482,   269945.8,    188.013,      79.708,      0.000,
 1483,   269985.8,    188.000,      77.602,      0.000,
 1484,   270025.8,    188.051,      80.244,      0.000,
 1485,   270065.8,    188.127,      78.990,      0.000,
 1486,   270105.8,    188.064,      80.222,      0.000,
 1487,   270145.8,    188.027,      79.150,      0.000,
 1488,   270185.8,    187.953,      77.738,      0.000,
 1489,   270225.8,    188.004,      78.468,      0.000,
 1490,   270265.8,    188.028,      78.646,      0.000,
 1491,   270305.8,    188.041,      78.841,      0.000,
 1492,   270345.8,    188.115,      80.416,      0.000,
 1493,   270385.8,    188.065,      79.505,      0.000,
 1494,   270425.8,    188.052,      79.141,      0.000,
 1495,   270465.8,    188.052,      79.495,      0.000,
 1496,   270505.8,    188.002,      79.514,      0.000,
 1497,   270545.8,    187.978,      78.634,      0.000,
 1498,   270585.8,    188.043,      79.702,      0.000,
 1499,   270625.8,    188.032,      79.347,      0.000,
 1500,   270665.8,    188.071,      79.204,      0.000,
 1501,   270705.8,    188.097,      79.215,      0.000,
 1502,   270745.8,    188.084,      78.178,      0.000,
 1503,   270785.8,    188.044,      78.793,      0.000,
 1504,   270825.8,    188.031,      79.134,      0.000,
 1505,   270865.8,    188.070,      78.970,      0.000,
 1506,   270905.8,    188.097,      79.478,      0.000,
 1507,   270945.8,    188.109,      79.705,      0.000,
 1508,   270985.8,    188.121,      80.244,      0.000,
 1509,   271025.8,    188.044,      78.636,      0.000,
 1510,   271065.8,    188.080,      79.673,      0.000,
 1511,   271105.8,    188.054,      79.834,      0.000,
 1512,   271145.8,    188.016,      79.479,      0.000,
 1513,   271185.8,    188.041,      79.997,      0.000,
 1514,   271225.8,    187.991,      79.986,      0.000,
 1515,   271265.8,    188.054,      79.444,      0.000,
 1516,   271305.8,    188.016,      79.609,      0.000,
 1517,   271345.8,    188.030,      78.867,      0.000,
 1518,   271385.8,    188.040,      77.829,      0.000,
 1519,   271425.8,    188.026,      78.337,      0.000,
 1520,   271465.8,    188.114,      80.414,      0.000,
 1521,   271505.8,    188.063,      79.876,      0.000,
 1522,   271545.8,    188.053,      82.018,      0.000,
 1523,   271585.8,    188.092,      80.795,      0.000,
 1524,   271625.8,    188.042,      77.784,      0.000,
 1525,   271665.8,    188.016,      79.381,      0.000,
 1526,   271705.8,    188.078,      80.091,      0.000,
 1527,   271745.8,    188.167,      80.080,      0.000,
 1528,   271785.8,    188.180,      79.749,      0.000,
 1529,   271825.8,    188.093,      78.666,      0.000,
 1530,   271865.8,    188.043,      79.379,      0.000,
 1531,   271905.8,    188.054,      79.691,      0.000,
 1532,   271945.8,    188.079,      80.423,      0.000,
 1533,   271985.8,    188.091,      80.092,      0.000,
 1534,   272025.8,    187.964,      79.419,      0.000,
 1535,   272065.8,    188.080,      80.344,      0.000,
 1536,   272105.8,    188.080,      78.801,      0.000,
 1537,   272145.8,    188.095,      80.909,      0.000,
 1538,   272185.8,    188.083,      79.668,      0.000,
 1539,   272225.8,    188.033,      79.290,      0.000,
 1540,   272265.8,    188.019,      78.209,      0.000,
 1541,   272305.8,    188.069,      79.083,      0.000,
 1542,   272345.8,    188.159,      78.596,      0.000,
 1543,   272385.8,    188.084,      78.979,      0.000,
 1544,   272425.8,    188.123,      77.917,      0.000,
 1545,   272465.8,    188.072,      79.309,      0.000,
 1546,   272505.8,    188.084,      79.530,      0.000,
 1547,   272545.8,    188.034,      79.537,      0.000,
 1548,   272585.8,    188.073,      79.872,      0.000,
 1549,   272625.8,    188.073,      80.461,      0.000,
 1550,   272665.8,    188.122,      78.350,      0.000,
 1551,   272705.8,    188.082,      79.611,      0.000,
 1552,   272745.8,    188.134,      80.006,      0.000,
 1553,   272785.8,    188.046,      79.682,      0.000,
 1554,   272825.8,    188.034,      79.887,      0.000,
 1555,   272865.8,    188.033,      78.508,      0.000,
 1556,   272905.8,    188.045,      79.518,      0.000,
 1557,   272945.8,    188.121,      80.039,      0.000,
 1558,   272985.8,    188.032,      79.132,      0.000,
 1559,   273025.8,    188.057,      80.051,      0.000,
 1560,   273065.8,    188.082,      80.781,      0.000,
 1561,   273105.8,    188.119,      79.167,      0.000,
 1562,   273145.8,    188.143,      80.930,      0.000,
 1563,   273185.8,    188.078,      79.520,      0.000,
 1564,   273225.8,    188.052,      79.716,      0.000,
 1565,   273265.8,    188.103,      78.832,      0.000,
 1566,   273305.8,    188.016,      78.657,      0.000,
 1567,   273345.8,    188.041,      79.198,      0.000,
 1568,   273385.8,    188.026,      77.815,      0.000,
 1569,   273425.8,    188.127,      79.906,      0.000,
 1570,   273465.8,    188.012,      78.881,      0.000,
 1571,   273505.8,    188.013,      79.240,      0.000,
 1572,   273545.8,    188.115,      79.765,      0.000,
 1573,   273585.8,    188.103,      80.118,      0.000,
 1574,   273625.8,    188.091,      80.448,      0.000,
 1575,   273665.8,    188.115,      79.179,      0.000,
 1576,   273705.8,    188.140,      80.532,      0.000,
 1577,   273745.8,    188.138,      80.550,      0.000,
 1578,   273785.8,    188.062,      79.174,      0.000,
 1579,   273825.8,    188.100,      79.531,      0.000,
 1580,   273865.8,    188.036,      79.402,      0.000,
 1581,   273905.8,    188.024,      79.975,      0.000,
 1582,   273945.8,    188.101,      80.839,      0.000,
 1583,   273985.8,    188.038,      80.662,      0.000,
 1584,   274025.8,    188.038,      80.807,      0.000,
 1585,   274065.8,    188.049,      79.726,      0.000,
 1586,   274105.8,    188.125,      80.948,      0.000,
 1587,   274145.8,    188.113,      78.639,      0.000,
 1588,   274185.8,    188.064,      78.650,      0.000,
 1589,   274225.8,    188.116,      79.032,      0.000,
 1590,   274265.8,    188.081,      80.491,      0.000,
 1591,   274305.8,    188.158,      81.722,      0.000,
 1592,   274345.8,    188.107,      78.681,      0.000,
 1593,   274385.8,    188.067,      79.218,      0.000,
 1594,   274425.8,    188.066,      80.959,      0.000,
 1595,   274465.8,    188.105,      79.754,      0.000,
 1596,   274505.8,    188.055,      79.944,      0.000,
 1597,   274545.8,    188.041,      79.862,      0.000,
 1598,   274585.8,    188.092,      80.476,      0.000,
 1599,   274625.8,    188.104,      79.733,      0.000,
 1600,   274665.8,    188.078,      80.086,      0.000,
 1601,   274705.8,    188.104,      82.029,      0.000,
 1602,   274745.8,    188.141,      81.497,      0.000,
 1603,   274785.8,    188.128,      80.231,      0.000,
 1604,   274825.8,    188.053,      79.582,      0.000,
 1605,   274865.8,    188.054,      80.499,      0.000,
 1606,   274905.8,    187.952,      77.650,      0.000,
 1607,   274945.8,    188.016,      78.374,      0.000,
 1608,   274985.8,    188.016,      79.788,      0.000,
 1609,   275025.8,    188.067,      80.193,      0.000,
 1610,   275065.8,    188.093,      79.332,      0.000,
 1611,   275105.8,    188.105,      80.365,      0.000,
 1612,   275145.8,    188.093,      79.834,      0.000,
 1613,   275185.8,    188.080,      81.789,      0.000,
 1614,   275225.8,    188.168,      80.208,      0.000,
 1615,   275265.8,    188.118,      79.327,      0.000,
 1616,   275305.8,    188.106,      79.511,      0.000,
 1617,   275345.8,    188.093,      80.934,      0.000,
 1618,   275385.8,    187.991,      80.023,      0.000,
 1619,   275425.8,    188.068,      80.356,      0.000,
 1620,   275465.8,    188.095,      81.738,      0.000,
 1621,   275505.8,    188.033,      79.957,      0.000,
 1622,   275545.8,    188.045,      79.499,      0.000,
 1623,   275585.8,    188.058,      80.055,      0.000,
 1624,   275625.8,    188.122,      79.955,      0.000,
 1625,   275665.8,    188.112,      79.975,      0.000,
 1626,   275705.8,    188.087,      81.222,      0.000,
 1627,   275745.8,    188.087,      79.973,      0.000,
 1628,   275785.8,    188.135,      81.171,      0.000,
 1629,   275825.8,    188.122,      80.277,      0.000,
 1630,   275865.8,    188.084,      80.270,      0.000,
 1631,   275905.8,    187.983,      80.088,      0.000,
 1632,   275945.8,    188.046,      80.752,      0.000,
 1633,   275985.8,    188.073,      80.092,      0.000,
 1634,   276025.8,    188.111,      80.621,      0.000,
 1635,   276065.8,    188.087,      79.911,      0.000,
 1636,   276105.8,    188.125,      79.856,      0.000,
 1637,   276145.8,    188.049,      79.622,      0.000,
 1638,   276185.8,    188.088,      79.403,      0.000,
 1639,   276225.8,    188.102,      78.895,      0.000,
 1640,   276265.8,    188.127,      79.798,      0.000,
 1641,   276305.8,    188.114,      77.723,      0.000,
 1642,   276345.8,    188.038,      78.604,      0.000,
 1643,   276385.8,    188.090,      79.650,      0.000,
 1644,   276425.8,    188.051,      81.919,      0.000,
 1645,   276465.8,    188.025,      80.161,      0.000,
 1646,   276505.8,    188.141,      81.404,      0.000,
 1647,   276545.8,    188.154,      80.727,      0.000,
 1648,   276585.8,    188.092,      81.080,      0.000,
 1649,   276625.8,    188.117,      80.300,      0.000,
 1650,   276665.8,    188.130,      79.932,      0.000,
 1651,   276705.8,    188.091,      79.036,      0.000,
 1652,   276745.8,    188.078,      78.491,      0.000,
 1653,   276785.8,    188.091,      80.239,      0.000,
 1654,   276825.8,    188.116,      80.587,      0.000,
 1655,   276865.8,    188.179,      79.345,      0.000,
 1656,   276905.8,    188.066,      81.155,      0.000,
 1657,   276945.8,    188.142,      80.593,      0.000,
 1658,   276985.8,    188.054,      79.549,      0.000,
 1659,   277025.8,    188.104,      80.239,      0.000,
 1660,   277065.8,    188.104,      80.060,      0.000,
 1661,   277105.8,    188.206,      80.068,      0.000,
 1662,   277145.8,    188.157,      80.912,      0.000,
 1663,   277185.8,    188.081,      79.444,      0.000,
 1664,   277225.8,    188.069,      78.517,      0.000,
 1665,   277265.8,    188.093,      80.071,      0.000,
 1666,   277305.8,    188.031,      79.713,      0.000,
 1667,   277345.8,    188.069,      79.567,      0.000,
 1668,   277385.8,    188.083,      81.528,      0.000,
 1669,   277425.8,    188.108,      80.779,      0.000,
 1670,   277465.8,    188.081,      80.739,      0.000,
 1671,   277505.8,    188.054,      81.464,      0.000,
 1672,   277545.8,    188.131,      80.054,      0.000,
 1673,   277585.8,    188.055,      79.298,      0.000,
 1674,   277625.8,    188.117,      80.185,      0.000,
 1675,   277665.8,    188.168,      81.909,      0.000,
 1676,   277705.8,    188.055,      80.821,      0.000,
 1677,   277745.8,    188.080,      81.206,      0.000,
 1678,   277785.8,    188.067,      80.324,      0.000,
 1679,   277825.8,    188.116,      79.389,      0.000,
 1680,   277865.8,    188.127,      79.365,      0.000,
 1681,   277905.8,    188.115,      81.986,      0.000,
 1682,   277945.8,    188.165,      81.447,      0.000,
 1683,   277985.8,    188.052,      80.037,      0.000,
 1684,   278025.8,    188.002,      79.833,      0.000,
 1685,   278065.8,    188.066,      79.665,      0.000,
 1686,   278105.8,    188.090,      78.780,      0.000,
 1687,   278145.8,    188.075,      79.467,      0.000,
 1688,   278185.8,    188.150,      80.889,      0.000,
 1689,   278225.8,    188.138,      80.386,      0.000,
 1690,   278265.8,    188.112,      80.729,      0.000,
 1691,   278305.8,    188.113,      80.005,      0.000,
 1692,   278345.8,    188.111,      80.541,      0.000,
 1693,   278385.8,    188.136,      80.200,      0.000,
 1694,   278425.8,    188.099,      81.081,      0.000,
 1695,   278465.8,    188.101,      79.479,      0.000,
 1696,   278505.8,    188.176,      81.011,      0.000,
 1697,   278545.8,    188.165,      79.119,      0.000,
 1698,   278585.8,    188.127,      80.497,      0.000,
 1699,   278625.8,    188.063,      79.974,      0.000,
 1700,   278665.8,    188.088,      80.672,      0.000,
 1701,   278705.8,    188.102,      80.141,      0.000,
 1702,   278745.8,    188.075,      78.949,      0.000,
 1703,   278785.8,    188.087,      80.898,      0.000,
 1704,   278825.8,    188.113,      79.324,      0.000,
 1705,   278865.8,    188.037,      80.072,      0.000,
 1706,   278905.8,    188.138,      80.353,      0.000,
 1707,   278945.8,    188.061,      79.641,      0.000,
 1708,   278985.8,    188.112,      79.956,      0.000,
 1709,   279025.8,    188.150,      80.851,      0.000,
 1710,   279065.8,    188.089,      79.667,      0.000,
 1711,   279105.8,    188.142,      80.394,      0.000,
 1712,   279145.8,    188.180,      80.399,      0.000,
 1713,   279185.8,    188.142,      80.789,      0.000,
 1714,   279225.8,    188.093,      80.109,      0.000,
 1715,   279265.8,    188.131,      79.074,      0.000,
 1716,   279305.8,    188.066,      78.751,      0.000,
 1717,   279345.8,    188.143,      80.653,      0.000,
 1718,   279385.8,    188.067,      80.655,      0.000,
 1719,   279425.8,    188.030,      79.093,      0.000,
 1720,   279465.8,    188.106,      78.583,      0.000,
 1721,   279505.8,    188.131,      79.469,      0.000,
 1722,   279545.8,    188.055,      80.538,      0.000,
 1723,   279585.8,    188.156,      81.424,      0.000,
 1724,   279625.8,    188.067,      81.990,      0.000,
 1725,   279665.8,    188.103,      79.834,      0.000,
 1726,   279705.8,    188.091,      81.114,      0.000,
 1727,   279745.8,    188.103,      81.824,      0.000,
 1728,   279785.8,    188.090,      80.251,      0.000,
 1729,   279825.8,    188.063,      79.207,      0.000,
 1730,   279865.8,    188.115,      80.637,      0.000,
 1731,   279905.8,    188.103,      79.238,      0.000,
 1732,   279945.8,    188.128,      79.372,      0.000,
 1733,   279985.8,    188.140,      81.460,      0.000,
 1734,   280025.8,    188.062,      80.379,      0.000,
 1735,   280065.8,    188.085,      80.198,      0.000,
 1736,   280105.8,    188.148,      80.055,      0.000,
 1737,   280145.8,    188.211,      80.784,      0.000,
 1738,   280185.8,    188.122,      79.221,      0.000,
 1739,   280225.8,    188.108,      81.509,      0.000,
 1740,   280265.8,    188.046,      80.325,      0.000,
 1741,   280305.8,    188.083,      81.202,      0.000,
 1742,   280345.8,    188.084,      80.620,      0.000,
 1743,   280385.8,    188.110,      81.358,      0.000,
 1744,   280425.8,    188.172,      80.670,      0.000,
 1745,   280465.8,    188.133,      80.140,      0.000,
 1746,   280505.8,    188.119,      78.906,      0.000,
 1747,   280545.8,    188.131,      79.815,      0.000,
 1748,   280585.8,    188.106,      80.895,      0.000,
 1749,   280625.8,    188.132,      80.876,      0.000,
 1750,   280665.8,    188.170,      81.227,      0.000,
 1751,   280705.8,    188.120,      81.381,      0.000,
 1752,   280745.8,    188.094,      81.528,      0.000,
 1753,   280785.8,    188.119,      80.398,      0.000,
 1754,   280825.8,    188.055,      79.298,      0.000,
 1755,   280865.8,    188.030,      79.664,      0.000,
 1756,   280905.8,    188.081,      79.348,      0.000,
 1757,   280945.8,    188.081,      79.048,      0.000,
 1758,   280985.8,    188.168,      80.985,      0.000,
 1759,   281025.8,    188.129,      80.834,      0.000,
 1760,   281065.8,    188.142,      79.608,      0.000,
 1761,   281105.8,    188.127,      79.255,      0.000,
 1762,   281145.8,    188.115,      80.123,      0.000,
 1763,   281185.8,    188.101,      81.721,      0.000,
 1764,   281225.8,    188.101,      80.304,      0.000,
 1765,   281265.8,    188.090,      80.654,      0.000,
 1766,   281305.8,    188.014,      79.583,      0.000,
 1767,   281345.8,    188.079,      79.722,      0.000,
 1768,   281385.8,    188.054,      80.775,      0.000,
 1769,   281425.8,    188.068,      82.131,      0.000,
 1770,   281465.8,    188.117,      81.943,      0.000,
 1771,   281505.8,    188.192,      81.925,      0.000,
 1772,   281545.8,    188.167,      79.970,      0.000,
 1773,   281585.8,    188.102,      78.770,      0.000,
 1774,   281625.8,    188.027,      78.043,      0.000,
 1775,   281665.8,    188.078,      80.542,      0.000,
 1776,   281705.8,    188.128,      80.664,      0.000,
 1777,   281745.8,    188.153,      80.823,      0.000,
 1778,   281785.8,    188.128,      80.840,      0.000,
 1779,   281825.8,    188.128,      80.504,      0.000,
 1780,   281865.8,    188.089,      81.188,      0.000,
 1781,   281905.8,    188.115,      81.582,      0.000,
 1782,   281945.8,    188.127,      80.332,      0.000,
 1783,   281985.8,    188.067,      80.702,      0.000,
 1784,   282025.8,    188.130,      81.165,      0.000,
 1785,   282065.8,    188.055,      79.564,      0.000,
 1786,   282105.8,    188.068,      80.797,      0.000,
 1787,   282145.8,    188.142,      80.422,      0.000,
 1788,   282185.8,    188.065,      80.735,      0.000,
 1789,   282225.8,    188.091,      81.113,      0.000,
 1790,   282265.8,    188.141,      80.619,      0.000,
 1791,   282305.8,    188.105,      81.522,      0.000,
 1792,   282345.8,    188.105,      81.205,      0.000,
 1793,   282385.8,    188.005,      81.736,      0.000,
 1794,   282425.8,    188.106,      81.085,      0.000,
 1795,   282465.8,    188.181,      82.335,      0.000,
 1796,   282505.8,    188.142,      80.530,      0.000,
 1797,   282545.8,    188.106,      79.824,      0.000,
 1798,   282585.8,    188.145,      80.000,      0.000,
 1799,   282625.8,    188.198,      79.661,      0.000,
 1800,   282665.8,    188.085,      80.720,      0.000,
 1801,   282705.8,    188.112,      80.389,      0.000,
 1802,   282745.8,    188.150,      80.201,      0.000,
 1803,   282785.8,    188.100,      81.454,      0.000,
 1804,   282825.8,    188.125,      82.692,      0.000,
 1805,   282865.8,    188.162,      81.082,      0.000,
 1806,   282905.8,    188.111,      80.928,      0.000,
 1807,   282945.8,    188.047,      77.729,      0.000,
 1808,   282985.8,    188.035,      79.510,      0.000,
 1809,   283025.8,    188.061,      80.440,      0.000,
 1810,   283065.8,    188.101,      80.980,      0.000,
 1811,   283105.8,    188.049,      80.616,      0.000,
 1812,   283145.8,    188.199,      83.267,      0.000,
 1813,   283185.8,    188.135,      80.434,      0.000,
 1814,   283225.8,    188.121,      79.585,      0.000,
 1815,   283265.8,    188.108,      79.562,      0.000,
 1816,   283305.8,    188.134,      80.113,      0.000,
 1817,   283345.8,    188.096,      80.144,      0.000,
 1818,   283385.8,    188.133,      80.655,      0.000,
 1819,   283425.8,    188.082,      80.090,      0.000,
 1820,   283465.8,    188.133,      81.467,      0.000,
 1821,   283505.8,    188.131,      81.080,      0.000,
 1822,   283545.8,    188.156,      81.244,      0.000,
 1823,   283585.8,    188.193,      81.086,      0.000,
 1824,   283625.8,    188.142,      81.636,      0.000,
 1825,   283665.8,    188.142,      80.949,      0.000,
 1826,   283705.8,    188.053,      80.216,      0.000,
 1827,   283745.8,    188.091,      80.409,      0.000,
 1828,   283785.8,    188.001,      80.765,      0.000,
 1829,   283825.8,    188.114,      82.329,      0.000,
 1830,   283865.8,    188.215,      82.654,      0.000,
 1831,   283905.8,    188.173,      81.548,      0.000,
 1832,   283945.8,    188.186,      80.866,      0.000,
 1833,   283985.8,    188.047,      79.887,      0.000,
 1834,   284025.8,    188.099,      79.542,      0.000,
 1835,   284065.8,    188.102,      79.742,      0.000,
 1836,   284105.8,    188.115,      79.881,      0.000,
 1837,   284145.8,    188.176,      81.986,      0.000,
 1838,   284185.8,    188.176,      80.935,      0.000,
 1839,   284225.8,    188.087,      80.578,      0.000,
 1840,   284265.8,    188.138,      81.110,      0.000,
 1841,   284305.8,    188.049,      81.086,      0.000,
 1842,   284345.8,    188.114,      80.538,      0.000,
 1843,   284385.8,    188.189,      81.378,      0.000,
 1844,   284425.8,    188.125,      81.425,      0.000,
 1845,   284465.8,    188.101,      81.466,      0.000,
 1846,   284505.8,    188.152,      81.646,      0.000,
 1847,   284545.8,    188.125,      82.336,      0.000,
 1848,   284585.8,    188.113,      80.563,      0.000,
 1849,   284625.8,    188.101,      81.636,      0.000,
 1850,   284665.8,    188.100,      79.709,      0.000,
 1851,   284705.8,    188.051,      79.052,      0.000,
 1852,   284745.8,    188.065,      81.168,      0.000,
 1853,   284785.8,    188.104,      79.035,      0.000,
 1854,   284825.8,    188.129,      82.724,      0.000,
 1855,   284865.8,    188.091,      81.116,      0.000,
 1856,   284905.8,    188.117,      80.200,      0.000,
 1857,   284945.8,    188.119,      80.006,      0.000,
 1858,   284985.8,    188.107,      79.996,      0.000,
 1859,   285025.8,    188.107,      80.895,      0.000,
 1860,   285065.8,    188.171,      80.556,      0.000,
 1861,   285105.8,    188.122,      83.041,      0.000,
 1862,   285145.8,    188.148,      81.633,      0.000,
 1863,   285185.8,    188.097,      80.363,      0.000,
 1864,   285225.8,    188.160,      81.209,      0.000,
 1865,   285265.8,    188.148,      80.107,      0.000,
 1866,   285305.8,    188.098,      80.813,      0.000,
 1867,   285345.8,    188.125,      81.721,      0.000,
 1868,   285385.8,    188.137,      80.468,      0.000,
 1869,   285425.8,    188.174,      80.855,      0.000,
 1870,   285465.8,    188.161,      80.681,      0.000,
 1871,   285505.8,    188.151,      81.944,      0.000,
 1872,   285545.8,    188.190,      82.982,      0.000,
 1873,   285585.8,    188.125,      82.063,      0.000,
 1874,   285625.8,    188.176,      80.457,      0.000,
 1875,   285665.8,    188.036,      80.945,      0.000,
 1876,   285705.8,    188.125,      80.978,      0.000,
 1877,   285745.8,    188.126,      80.814,      0.000,
 1878,   285785.8,    188.176,      80.649,      0.000,
 1879,   285825.8,    188.086,      81.013,      0.000,
 1880,   285865.8,    188.125,      81.692,      0.000,
 1881,   285905.8,    188.137,      82.081,      0.000,
 1882,   285945.8,    188.162,      81.375,      0.000,
 1883,   285985.8,    188.186,      82.255,      0.000,
 1884,   286025.8,    188.135,      80.846,      0.000,
 1885,   286065.8,    188.161,      78.579,      0.000,
 1886,   286105.8,    188.110,      81.964,      0.000,
 1887,   286145.8,    188.136,      81.276,      0.000,
 1888,   286185.8,    188.046,      80.761,      0.000,
 1889,   286225.8,    188.133,      80.922,      0.000,
 1890,   286265.8,    188.046,      80.251,      0.000,
 1891,   286305.8,    188.109,      80.980,      0.000,
 1892,   286345.8,    188.123,      80.998,      0.000,
 1893,   286385.8,    188.135,      82.069,      0.000,
 1894,   286425.8,    188.135,      81.371,      0.000,
 1895,   286465.8,    188.186,      83.155,      0.000,
 1896,   286505.8,    188.173,      80.357,      0.000,
 1897,   286545.8,    188.159,      81.796,      0.000,
 1898,   286585.8,    188.095,      80.182,      0.000,
 1899,   286625.8,    188.108,      79.819,      0.000,
 1900,   286665.8,    188.108,      80.022,      0.000,
 1901,   286705.8,    188.158,      81.239,      0.000,
 1902,   286745.8,    188.196,      81.217,      0.000,
 1903,   286785.8,    188.055,      81.769,      0.000,
 1904,   286825.8,    188.131,      81.802,      0.000,
 1905,   286865.8,    188.156,      81.778,      0.000,
 1906,   286905.8,    188.093,      80.596,      0.000,
 1907,   286945.8,    188.157,      81.313,      0.000,
 1908,   286985.8,    188.144,      81.476,      0.000,
 1909,   287025.8,    188.106,      79.732,      0.000,
 1910,   287065.8,    188.156,      81.479,      0.000,
 1911,   287105.8,    188.130,      81.633,      0.000,
 1912,   287145.8,    188.168,      81.964,      0.000,
 1913,   287185.8,    188.169,      81.402,      0.000,
 1914,   287225.8,    188.131,      81.712,      0.000,
 1915,   287265.8,    188.106,      80.301,      0.000,
 1916,   287305.8,    188.081,      78.678,      0.000,
 1917,   287345.8,    188.170,      80.966,      0.000,
 1918,   287385.8,    188.132,      81.515,      0.000,
 1919,   287425.8,    188.208,      81.872,      0.000,
 1920,   287465.8,    188.144,      79.578,      0.000,
 1921,   287505.8,    188.107,      81.338,      0.000,
 1922,   287545.8,    188.170,      81.529,      0.000,
 1923,   287585.8,    188.120,      81.331,      0.000,
 1924,   287625.8,    188.145,      80.614,      0.000,
 1925,   287665.8,    188.195,      80.573,      0.000,
 1926,   287705.8,    188.145,      81.813,      0.000,
 1927,   287745.8,    188.209,      80.597,      0.000,
 1928,   287785.8,    188.159,      81.279,      0.000,
 1929,   287825.8,    188.197,      80.745,      0.000,
 1930,   287865.8,    188.120,      81.969,      0.000,
 1931,   287905.8,    188.147,      80.898,      0.000,
 1932,   287945.8,    188.148,      79.835,      0.000,
 1933,   287985.8,    188.136,      81.257,      0.000,
 1934,   288025.8,    188.123,      81.967,      0.000,
 1935,   288065.8,    188.123,      81.585,      0.000,
 1936,   288105.8,    188.134,      80.706,      0.000,
 1937,   288145.8,    188.134,      80.697,      0.000,
 1938,   288185.8,    188.148,      80.730,      0.000,
 1939,   288225.8,    188.122,      81.984,      0.000,
 1940,   288265.8,    188.007,      81.416,      0.000,
 1941,   288305.8,    188.135,      81.776,      0.000,
 1942,   288345.8,    188.174,      80.907,      0.000,
 1943,   288385.8,    188.162,      80.929,      0.000,
 1944,   288425.8,    188.238,      81.272,      0.000,
 1945,   288465.8,    188.123,      80.928,      0.000,
 1946,   288505.8,    188.160,      82.448,      0.000,
 1947,   288545.8,    188.161,      81.587,      0.000,
 1948,   288585.8,    188.098,      81.425,      0.000,
 1949,   288625.8,    188.124,      79.829,      0.000,
 1950,   288665.8,    188.175,      80.351,      0.000,
 1951,   288705.8,    188.188,      81.806,      0.000,
 1952,   288745.8,    188.177,      80.754,      0.000,
 1953,   288785.8,    188.075,      80.216,      0.000,
 1954,   288825.8,    188.111,      80.623,      0.000,
 1955,   288865.8,    188.136,      82.021,      0.000,
 1956,   288905.8,    188.096,      81.707,      0.000,
 1957,   288945.8,    188.110,      80.840,      0.000,
 1958,   288985.8,    188.211,      81.919,      0.000,
 1959,   289025.8,    188.148,      80.175,      0.000,
 1960,   289065.8,    188.071,      82.136,      0.000,
 1961,   289105.8,    188.147,      79.473,      0.000,
 1962,   289145.8,    188.159,      82.116,      0.000,
 1963,   289185.8,    188.208,      84.399,      0.000,
 1964,   289225.8,    188.185,      83.491,      0.000,
 1965,   289265.8,    188.173,      81.035,      0.000,
 1966,   289305.8,    188.107,      81.751,      0.000,
 1967,   289345.8,    188.156,      81.558,      0.000,
 1968,   289385.8,    188.079,      80.500,      0.000,
 1969,   289425.8,    188.041,      81.410,      0.000,
 1970,   289465.8,    188.117,      81.688,      0.000,
 1971,   289505.8,    188.204,      82.931,      0.000,
 1972,   289545.8,    188.217,      81.904,      0.000,
 1973,   289585.8,    188.166,      80.665,      0.000,
 1974,   289625.8,    188.140,      82.485,      0.000,
 1975,   289665.8,    188.115,      81.253,      0.000,
 1976,   289705.8,    188.180,      80.383,      0.000,
 1977,   289745.8,    188.128,      81.936,      0.000,
 1978,   289785.8,    188.102,      82.265,      0.000,
 1979,   289825.8,    188.090,      80.498,      0.000,
 1980,   289865.8,    188.167,      81.078,      0.000,
 1981,   289905.8,    188.130,      81.264,      0.000,
 1982,   289945.8,    188.130,      82.275,      0.000,
 1983,   289985.8,    188.168,      81.703,      0.000,
 1984,   290025.8,    188.180,      81.918,      0.000,
 1985,   290065.8,    188.205,      81.763,      0.000,
 1986,   290105.8,    188.180,      80.775,      0.000,
 1987,   290145.8,    188.168,      79.509,      0.000,
 1988,   290185.8,    188.079,      80.535,      0.000,
 1989,   290225.8,    188.182,      82.594,      0.000,
 1990,   290265.8,    188.093,      82.416,      0.000,
 1991,   290305.8,    188.117,      81.856,      0.000,
 1992,   290345.8,    188.192,      81.674,      0.000,
 1993,   290385.8,    188.079,      80.983,      0.000,
 1994,   290425.8,    188.069,      80.830,      0.000,
 1995,   290465.8,    188.199,      82.281,      0.000,
 1996,   290505.8,    188.137,      81.572,      0.000,
 1997,   290545.8,    188.238,      81.856,      0.000,
 1998,   290585.8,    188.200,      81.317,      0.000,
 1999,   290625.8,    188.149,      81.467,      0.000,
 2000,   290665.8,    188.161,      80.371,      0.000,
 2001,   290705.8,    188.161,      81.599,      0.000,
 2002,   290745.8,    188.199,      81.398,      0.000,
 2003,   290785.8,    188.150,      82.323,      0.000,
 2004,   290825.8,    188.148,      81.280,      0.000,
 2005,   290865.8,    188.135,      81.118,      0.000,
 2006,   290905.8,    188.111,      80.782,      0.000,
 2007,   290945.8,    188.164,      82.741,      0.000,
 2008,   290985.8,    188.153,      80.773,      0.000,
 2009,   291025.8,    188.166,      81.676,      0.000,
 2010,   291065.8,    188.192,      82.558,      0.000,
 2011,   291105.8,    188.090,      81.184,      0.000,
 2012,   291145.8,    188.141,      80.434,      0.000,
 2013,   291185.8,    188.130,      79.900,      0.000,
 2014,   291225.8,    188.117,      81.129,      0.000,
 2015,   291265.8,    188.142,      81.655,      0.000,
 2016,   291305.8,    188.205,      80.425,      0.000,
 2017,   291345.8,    188.192,      81.471,      0.000,
 2018,   291385.8,    188.179,      80.765,      0.000,
 2019,   291425.8,    188.142,      81.090,      0.000,
 2020,   291465.8,    188.155,      82.123,      0.000,
 2021,   291505.8,    188.142,      81.607,      0.000,
 2022,   291545.8,    188.179,      81.454,      0.000,
 2023,   291585.8,    188.207,      81.939,      0.000,
 2024,   291625.8,    188.144,      80.141,      0.000,
 2025,   291665.8,    188.171,      80.760,      0.000,
 2026,   291705.8,    188.134,      81.795,      0.000,
 2027,   291745.8,    188.121,      81.277,      0.000,
 2028,   291785.8,    188.097,      80.599,      0.000,
 2029,   291825.8,    188.111,      79.896,      0.000,
 2030,   291865.8,    188.162,      80.047,      0.000,
 2031,   291905.8,    188.175,      81.971,      0.000,
 2032,   291945.8,    188.149,      80.015,      0.000,
 2033,   291985.8,    188.161,      80.310,      0.000,
 2034,   292025.8,    188.097,      80.790,      0.000,
 2035,   292065.8,    188.171,      80.961,      0.000,
 2036,   292105.8,    188.158,      80.917,      0.000,
 2037,   292145.8,    188.134,      80.422,      0.000,
 2038,   292185.8,    188.136,      79.656,      0.000,
 2039,   292225.8,    188.201,      81.073,      0.000,
 2040,   292265.8,    188.136,      80.521,      0.000,
 2041,   292305.8,    188.136,      79.755,      0.000,
 2042,   292345.8,    188.199,      81.853,      0.000,
 2043,   292385.8,    188.174,      81.473,      0.000,
 2044,   292425.8,    188.200,      81.483,      0.000,
 2045,   292465.8,    188.212,      79.520,      0.000,
 2046,   292505.8,    188.161,      80.918,      0.000,
 2047,   292545.8,    188.122,      81.645,      0.000,
 2048,   292585.8,    188.159,      80.880,      0.000,
 2049,   292625.8,    188.197,      80.207,      0.000,
 2050,   292665.8,    188.159,      82.669,      0.000,
 2051,   292705.8,    188.159,      81.270,      0.000,
 2052,   292745.8,    188.223,      79.680,      0.000,
 2053,   292785.8,    188.148,      81.167,      0.000,
 2054,   292825.8,    188.174,      81.203,      0.000,
 2055,   292865.8,    188.174,      81.362,      0.000,
 2056,   292905.8,    188.188,      80.855,      0.000,
 2057,   292945.8,    188.186,      80.333,      0.000,
 2058,   292985.8,    188.209,      81.713,      0.000,
 2059,   293025.8,    188.170,      82.066,      0.000,
 2060,   293065.8,    188.144,      81.354,      0.000,
 2061,   293105.8,    188.155,      81.033,      0.000,
 2062,   293145.8,    188.118,      80.339,      0.000,
 2063,   293185.8,    188.166,      79.168,      0.000,
 2064,   293225.8,    188.166,      82.392,      0.000,
 2065,   293265.8,    188.178,      81.527,      0.000,
 2066,   293305.8,    188.153,      82.266,      0.000,
 2067,   293345.8,    188.204,      79.232,      0.000,
 2068,   293385.8,    188.178,      82.091,      0.000,
 2069,   293425.8,    188.126,      80.500,      0.000,
 2070,   293465.8,    188.163,      81.388,      0.000,
 2071,   293505.8,    188.037,      79.660,      0.000,
 2072,   293545.8,    188.154,      80.182,      0.000,
 2073,   293585.8,    188.205,      80.687,      0.000,
 2074,   293625.8,    188.166,      80.138,      0.000,
 2075,   293665.8,    188.204,      81.551,      0.000,
 2076,   293705.8,    188.177,      82.794,      0.000,
 2077,   293745.8,    188.252,      80.179,      0.000,
 2078,   293785.8,    188.200,      79.679,      0.000,
 2079,   293825.8,    188.224,      81.649,      0.000,
 2080,   293865.8,    188.163,      80.579,      0.000,
 2081,   293905.8,    188.253,      82.385,      0.000,
 2082,   293945.8,    188.164,      81.850,      0.000,
 2083,   293985.8,    188.163,      79.928,      0.000,
 2084,   294025.8,    188.137,      81.689,      0.000,
 2085,   294065.8,    188.188,      80.591,      0.000,
 2086,   294105.8,    188.201,      80.766,      0.000,
 2087,   294145.8,    188.227,      80.053,      0.000,
 2088,   294185.8,    188.189,      81.350,      0.000,
 2089,   294225.8,    188.189,      82.383,      0.000,
 2090,   294265.8,    188.087,      81.323,      0.000,
 2091,   294305.8,    188.113,      80.380,      0.000,
 2092,   294345.8,    188.213,      81.789,      0.000,
 2093,   294385.8,    188.174,      81.802,      0.000,
 2094,   294425.8,    188.212,      80.344,      0.000,
 2095,   294465.8,    188.199,      80.062,      0.000,
 2096,   294505.8,    188.122,      82.160,      0.000,
 2097,   294545.8,    188.186,      81.091,      0.000,
 2098,   294585.8,    188.201,      83.635,      0.000,
 2099,   294625.8,    188.151,      81.512,      0.000,
 2100,   294665.8,    188.126,      82.209,      0.000,
 2101,   294705.8,    188.163,      81.515,      0.000,
 2102,   294745.8,    188.187,      83.108,      0.000,
 2103,   294785.8,    188.226,      81.489,      0.000,
 2104,   294825.8,    188.163,      80.940,      0.000,
 2105,   294865.8,    188.139,      79.185,      0.000,
 2106,   294905.8,    188.188,      81.144,      0.000,
 2107,   294945.8,    188.191,      80.810,      0.000,
 2108,   294985.8,    188.191,      82.560,      0.000,
 2109,   295025.8,    188.205,      79.749,      0.000,
 2110,   295065.8,    188.155,      81.160,      0.000,
 2111,   295105.8,    188.130,      80.676,      0.000,
 2112,   295145.8,    188.116,      81.543,      0.000,
 2113,   295185.8,    188.192,      81.382,      0.000,
 2114,   295225.8,    188.179,      82.820,      0.000,
 2115,   295265.8,    188.166,      81.246,      0.000,
 2116,   295305.8,    188.168,      80.005,      0.000,
 2117,   295345.8,    188.169,      80.510,      0.000,
 2118,   295385.8,    188.182,      81.894,      0.000,
 2119,   295425.8,    188.208,      81.869,      0.000,
 2120,   295465.8,    188.260,      81.698,      0.000,
 2121,   295505.8,    188.183,      82.028,      0.000,
 2122,   295545.8,    188.198,      81.213,      0.000,
 2123,   295585.8,    188.160,      80.887,      0.000,
 2124,   295625.8,    188.212,      82.808,      0.000,
 2125,   295665.8,    188.126,      82.083,      0.000,
 2126,   295705.8,    188.165,      81.726,      0.000,
 2127,   295745.8,    188.151,      83.118,      0.000,
 2128,   295785.8,    188.241,      81.815,      0.000,
 2129,   295825.8,    188.204,      81.999,      0.000,
 2130,   295865.8,    188.253,      83.930,      0.000,
 2131,   295905.8,    188.126,      81.816,      0.000,
 2132,   295945.8,    188.227,      81.785,      0.000,
 2133,   295985.8,    188.228,      80.471,      0.000,
 2134,   296025.8,    188.239,      81.367,      0.000,
 2135,   296065.8,    188.189,      81.175,      0.000,
 2136,   296105.8,    188.176,      80.796,      0.000,
 2137,   296145.8,    188.113,      81.339,      0.000,
 2138,   296185.8,    188.125,      81.343,      0.000,
 2139,   296225.8,    188.137,      80.617,      0.000,
 2140,   296265.8,    188.149,      80.446,      0.000,
 2141,   296305.8,    188.202,      80.964,      0.000,
 2142,   296345.8,    188.140,      81.156,      0.000,
 2143,   296385.8,    188.241,      81.833,      0.000,
 2144,   296425.8,    188.215,      81.669,      0.000,
 2145,   296465.8,    188.188,      80.776,      0.000,
 2146,   296505.8,    188.226,      81.796,      0.000,
 2147,   296545.8,    188.174,      81.601,      0.000,
 2148,   296585.8,    188.199,      81.750,      0.000,
 2149,   296625.8,    188.209,      82.612,      0.000,
 2150,   296665.8,    188.222,      82.590,      0.000,
 2151,   296705.8,    188.159,      80.664,      0.000,
 2152,   296745.8,    188.146,      80.731,      0.000,
 2153,   296785.8,    188.222,      81.076,      0.000,
 2154,   296825.8,    188.209,      81.934,      0.000,
 2155,   296865.8,    188.132,      81.598,      0.000,
 2156,   296905.8,    188.156,      80.717,      0.000,
 2157,   296945.8,    188.117,      80.338,      0.000,
 2158,   296985.8,    188.180,      80.671,      0.000,
 2159,   297025.8,    188.166,      81.559,      0.000,
 2160,   297065.8,    188.153,      81.565,      0.000,
 2161,   297105.8,    188.203,      82.084,      0.000,
 2162,   297145.8,    188.189,      81.548,      0.000,
 2163,   297185.8,    188.177,      81.392,      0.000,
 2164,   297225.8,    188.177,      82.079,      0.000,
 2165,   297265.8,    188.178,      82.782,      0.000,
 2166,   297305.8,    188.179,      80.159,      0.000,
 2167,   297345.8,    188.127,      81.593,      0.000,
 2168,   297385.8,    188.215,      81.249,      0.000,
 2169,   297425.8,    188.177,      81.134,      0.000,
 2170,   297465.8,    188.216,      81.103,      0.000,
 2171,   297505.8,    188.241,      80.742,      0.000,
 2172,   297545.8,    188.166,      80.936,      0.000,
 2173,   297585.8,    188.152,      80.925,      0.000,
 2174,   297625.8,    188.228,      80.354,      0.000,
 2175,   297665.8,    188.226,      82.097,      0.000,
 2176,   297705.8,    188.201,      81.521,      0.000,
 2177,   297745.8,    188.162,      81.842,      0.000,
 2178,   297785.8,    188.225,      81.820,      0.000,
 2179,   297825.8,    188.199,      82.322,      0.000,
 2180,   297865.8,    188.225,      81.415,      0.000,
 2181,   297905.8,    188.212,      81.551,      0.000,
 2182,   297945.8,    188.186,      79.640,      0.000,
 2183,   297985.8,    188.198,      80.350,      0.000,
 2184,   298025.8,    188.222,      83.130,      0.000,
 2185,   298065.8,    188.171,      80.476,      0.000,
 2186,   298105.8,    188.208,      81.524,      0.000,
 2187,   298145.8,    188.207,      79.592,      0.000,
 2188,   298185.8,    188.169,      81.168,      0.000,
 2189,   298225.8,    188.143,      82.520,      0.000,
 2190,   298265.8,    188.167,      81.272,      0.000,
 2191,   298305.8,    188.214,      81.810,      0.000,
 2192,   298345.8,    188.238,      81.804,      0.000,
 2193,   298385.8,    188.211,      81.109,      0.000,
 2194,   298425.8,    188.263,      79.701,      0.000,
 2195,   298465.8,    188.213,      81.649,      0.000,
 2196,   298505.8,    188.214,      81.126,      0.000,
 2197,   298545.8,    188.240,      83.059,      0.000,
 2198,   298585.8,    188.101,      81.491,      0.000,
 2199,   298625.8,    188.128,      82.064,      0.000,
 2200,   298665.8,    188.178,      79.612,      0.000,
 2201,   298705.8,    188.178,      80.486,      0.000,
 2202,   298745.8,    188.189,      81.741,      0.000,
 2203,   298785.8,    188.163,      81.018,      0.000,
 2204,   298825.8,    188.227,      82.103,      0.000,
 2205,   298865.8,    188.225,      81.220,      0.000,
 2206,   298905.8,    188.162,      81.581,      0.000,
 2207,   298945.8,    188.202,      81.945,      0.000,
 2208,   298985.8,    188.152,      82.317,      0.000,
 2209,   299025.8,    188.189,      81.766,      0.000,
 2210,   299065.8,    188.176,      82.690,      0.000,
 2211,   299105.8,    188.228,      80.055,      0.000,
 2212,   299145.8,    188.177,      80.409,      0.000,
 2213,   299185.8,    188.127,      81.345,      0.000,
 2214,   299225.8,    188.154,      80.333,      0.000,
 2215,   299265.8,    188.207,      83.725,      0.000,
 2216,   299305.8,    188.169,      82.005,      0.000,
 2217,   299345.8,    188.170,      82.544,      0.000,
 2218,   299385.8,    188.208,      81.702,      0.000,
 2219,   299425.8,    188.182,      81.040,      0.000,
 2220,   299465.8,    188.257,      82.642,      0.000,
 2221,   299505.8,    188.105,      82.286,      0.000,
 2222,   299545.8,    188.207,      81.724,      0.000,
 2223,   299585.8,    188.158,      82.460,      0.000,
 2224,   299625.8,    188.196,      81.938,      0.000,
 2225,   299665.8,    188.159,      81.012,      0.000,
 2226,   299705.8,    188.095,      82.223,      0.000,
 2227,   299745.8,    188.246,      80.817,      0.000,
 2228,   299785.8,    188.156,      81.190,      0.000,
 2229,   299825.8,    188.181,      82.593,      0.000,
 2230,   299865.8,    188.206,      81.029,      0.000,
 2231,   299905.8,    188.221,      82.445,      0.000,
 2232,   299945.8,    188.223,      80.843,      0.000,
 2233,   299985.8,    188.186,      80.108,      0.000,
 2234,   300025.8,    188.174,      81.834,      0.000,
 2235,   300065.8,    188.236,      82.371,      0.000,
 2236,   300105.8,    188.234,      80.424,      0.000,
 2237,   300145.8,    188.220,      80.442,      0.000,
 2238,   300185.8,    188.181,      81.138,      0.000,
 2239,   300225.8,    188.217,      80.442,      0.000,
 2240,   300265.8,    188.193,      80.963,      0.000,
 2241,   300305.8,    188.143,      80.620,      0.000,
 2242,   300345.8,    188.194,      82.766,      0.000,
 2243,   300385.8,    188.168,      83.300,      0.000,
 2244,   300425.8,    188.204,      81.889,      0.000,
 2245,   300465.8,    188.242,      81.700,      0.000,
 2246,   300505.8,    188.215,      80.614,      0.000,
 2247,   300545.8,    188.190,      80.754,      0.000,
 2248,   300585.8,    188.177,      82.511,      0.000,
 2249,   300625.8,    188.179,      83.088,      0.000,
 2250,   300665.8,    188.168,      82.340,      0.000,
 2251,   300705.8,    188.182,      81.869,      0.000,
 2252,   300745.8,    188.258,      81.514,      0.000,
 2253,   300785.8,    188.195,      81.359,      0.000,
 2254,   300825.8,    188.195,      83.114,      0.000,
 2255,   300865.8,    188.167,      82.737,      0.000,
 2256,   300905.8,    188.257,      82.706,      0.000,
 2257,   300945.8,    188.209,      79.734,      0.000,
 2258,   300985.8,    188.135,      78.865,      0.000,
 2259,   301025.8,    188.124,      80.978,      0.000,
 2260,   301065.8,    188.175,      82.710,      0.000,
 2261,   301105.8,    188.162,      81.844,      0.000,
 2262,   301145.8,    188.249,      81.308,      0.000,
 2263,   301185.8,    188.249,      81.481,      0.000,
 2264,   301225.8,    188.213,      83.086,      0.000,
 2265,   301265.8,    188.240,      82.239,      0.000,
 2266,   301305.8,    188.090,      80.990,      0.000,
 2267,   301345.8,    188.166,      80.093,      0.000,
 2268,   301385.8,    188.141,      80.479,      0.000,
 2269,   301425.8,    188.091,      79.424,      0.000,
 2270,   301465.8,    188.141,      80.672,      0.000,
 2271,   301505.8,    188.216,      81.881,      0.000,
 2272,   301545.8,    188.241,      81.667,      0.000,
 2273,   301585.8,    188.253,      80.964,      0.000,
 2274,   301625.8,    188.188,      82.382,      0.000,
 2275,   301665.8,    188.176,      78.308,      0.000,
 2276,   301705.8,    188.114,      80.975,      0.000,
 2277,   301745.8,    188.216,      81.336,      0.000,
 2278,   301785.8,    188.192,      81.566,      0.000,
 2279,   301825.8,    188.193,      82.080,      0.000,
 2280,   301865.8,    188.204,      81.183,      0.000,
 2281,   301905.8,    188.228,      80.998,      0.000,
 2282,   301945.8,    188.163,      80.958,      0.000,
 2283,   301985.8,    188.138,      80.952,      0.000,
 2284,   302025.8,    188.175,      81.651,      0.000,
 2285,   302065.8,    188.164,      81.507,      0.000,
 2286,   302105.8,    188.189,      80.817,      0.000,
 2287,   302145.8,    188.251,      79.962,      0.000,
 2288,   302185.8,    188.224,      80.649,      0.000,
 2289,   302225.8,    188.261,      81.831,      0.000,
 2290,   302265.8,    188.172,      81.676,      0.000,
 2291,   302305.8,    188.236,      81.645,      0.000,
 2292,   302345.8,    188.236,      81.663,      0.000,
 2293,   302385.8,    188.136,      79.737,      0.000,
 2294,   302425.8,    188.149,      82.043,      0.000,
 2295,   302465.8,    188.150,      81.028,      0.000,
 2296,   302505.8,    188.185,      81.364,      0.000,
 2297,   302545.8,    188.169,      81.004,      0.000,
 2298,   302585.8,    188.195,      81.356,      0.000,
 2299,   302625.8,    188.233,      81.524,      0.000,
 2300,   302665.8,    188.272,      81.332,      0.000,
 2301,   302705.8,    188.247,      82.059,      0.000,
 2302,   302745.8,    188.248,      80.822,      0.000,
 2303,   302785.8,    188.236,      81.522,      0.000,
 2304,   302825.8,    188.185,      80.841,      0.000,
 2305,   302865.8,    188.210,      80.475,      0.000,
 2306,   302905.8,    188.183,      81.690,      0.000,
 2307,   302945.8,    188.146,      80.647,      0.000,
 2308,   302985.8,    188.235,      81.535,      0.000,
 2309,   303025.8,    188.184,      81.718,      0.000,
 2310,   303065.8,    188.160,      81.242,      0.000,
 2311,   303105.8,    188.186,      80.408,      0.000,
 2312,   303145.8,    188.222,      81.179,      0.000,
 2313,   303185.8,    188.159,      80.825,      0.000,
 2314,   303225.8,    188.209,      82.407,      0.000,
 2315,   303265.8,    188.184,      82.225,      0.000,
 2316,   303305.8,    188.173,      82.954,      0.000,
 2317,   303345.8,    188.198,      81.199,      0.000,
 2318,   303385.8,    188.171,      81.349,      0.000,
 2319,   303425.8,    188.160,      80.451,      0.000,
 2320,   303465.8,    188.111,      81.709,      0.000,
 2321,   303505.8,    188.202,      82.236,      0.000,
 2322,   303545.8,    188.228,      82.279,      0.000,
 2323,   303585.8,    188.139,      82.444,      0.000,
 2324,   303625.8,    188.254,      81.242,      0.000,
 2325,   303665.8,    188.328,      82.463,      0.000,
 2326,   303705.8,    188.240,      80.683,      0.000,
 2327,   303745.8,    188.176,      81.049,      0.000,
 2328,   303785.8,    188.226,      81.255,      0.000,
 2329,   303825.8,    188.176,      81.475,      0.000,
 2330,   303865.8,    188.200,      80.625,      0.000,
 2331,   303905.8,    188.238,      81.501,      0.000,
 2332,   303945.8,    188.225,      83.237,      0.000,
 2333,   303985.8,    188.099,      79.359,      0.000,
 2334,   304025.8,    188.189,      79.548,      0.000,
 2335,   304065.8,    188.215,      81.449,      0.000,
 2336,   304105.8,    188.215,      81.096,      0.000,
 2337,   304145.8,    188.138,      81.315,      0.000,
 2338,   304185.8,    188.175,      81.879,      0.000,
 2339,   304225.8,    188.087,      82.581,      0.000,
 2340,   304265.8,    188.213,      83.811,      0.000,
 2341,   304305.8,    188.238,      80.773,      0.000,
 2342,   304345.8,    188.274,      82.892,      0.000,
 2343,   304385.8,    188.172,      82.685,      0.000,
 2344,   304425.8,    188.184,      82.348,      0.000,
 2345,   304465.8,    188.247,      83.797,      0.000,
 2346,   304505.8,    188.186,      82.051,      0.000,
 2347,   304545.8,    188.162,      81.721,      0.000,
 2348,   304585.8,    188.200,      82.067,      0.000,
 2349,   304625.8,    188.265,      81.706,      0.000,
 2350,   304665.8,    188.237,      81.161,      0.000,
 2351,   304705.8,    188.174,      81.268,      0.000,
 2352,   304745.8,    188.174,      81.958,      0.000,
 2353,   304785.8,    188.275,      82.497,      0.000,
 2354,   304825.8,    188.226,      81.977,      0.000,
 2355,   304865.8,    188.249,      80.724,      0.000,
 2356,   304905.8,    188.210,      81.108,      0.000,
 2357,   304945.8,    188.173,      80.583,      0.000,
 2358,   304985.8,    188.160,      83.049,      0.000,
 2359,   305025.8,    188.208,      81.972,      0.000,
 2360,   305065.8,    188.233,      82.810,      0.000,
 2361,   305105.8,    188.245,      82.449,      0.000,
 2362,   305145.8,    188.298,      82.104,      0.000,
 2363,   305185.8,    188.249,      80.882,      0.000,
 2364,   305225.8,    188.187,      81.077,      0.000,
 2365,   305265.8,    188.174,      81.238,      0.000,
 2366,   305305.8,    188.200,      82.820,      0.000,
 2367,   305345.8,    188.189,      80.529,      0.000,
 2368,   305385.8,    188.253,      81.189,      0.000,
 2369,   305425.8,    188.253,      82.057,      0.000,
 2370,   305465.8,    188.240,      82.568,      0.000,
 2371,   305505.8,    188.215,      81.512,      0.000,
 2372,   305545.8,    188.124,      81.656,      0.000,
 2373,   305585.8,    188.213,      81.348,      0.000,
 2374,   305625.8,    188.122,      80.651,      0.000,
 2375,   305665.8,    188.136,      80.684,      0.000,
 2376,   305705.8,    188.188,      82.109,      0.000,
 2377,   305745.8,    188.214,      83.128,      0.000,
 2378,   305785.8,    188.238,      82.346,      0.000,
 2379,   305825.8,    188.173,      81.627,      0.000,
 2380,   305865.8,    188.211,      81.970,      0.000,
 2381,   305905.8,    188.211,      81.976,      0.000,
 2382,   305945.8,    188.187,      81.096,      0.000,
 2383,   305985.8,    188.251,      82.184,      0.000,
 2384,   306025.8,    188.200,      82.378,      0.000,
 2385,   306065.8,    188.226,      81.616,      0.000,
 2386,   306105.8,    188.224,      81.990,      0.000,
 2387,   306145.8,    188.195,      81.982,      0.000,
 2388,   306185.8,    188.182,      81.117,      0.000,
 2389,   306225.8,    188.232,      80.743,      0.000,
 2390,   306265.8,    188.170,      80.448,      0.000,
 2391,   306305.8,    188.183,      80.662,      0.000,
 2392,   306345.8,    188.259,      81.212,      0.000,
 2393,   306385.8,    188.231,      80.820,      0.000,
 2394,   306425.8,    188.294,      81.902,      0.000,
 2395,   306465.8,    188.191,      81.678,      0.000,
 2396,   306505.8,    188.254,      83.023,      0.000,
 2397,   306545.8,    188.306,      81.959,      0.000,
 2398,   306585.8,    188.206,      81.659,      0.000,
 2399,   306625.8,    188.182,      81.347,      0.000,
 2400,   306665.8,    188.205,      82.081,      0.000,
 2401,   306705.8,    188.166,      81.552,      0.000,
 2402,   306745.8,    188.102,      81.191,      0.000,
 2403,   306785.8,    188.190,      80.946,      0.000,
 2404,   306825.8,    188.251,      81.258,      0.000,
 2405,   306865.8,    188.301,      81.422,      0.000,
 2406,   306905.8,    188.213,      81.268,      0.000,
 2407,   306945.8,    188.187,      80.751,      0.000,
 2408,   306985.8,    188.188,      80.956,      0.000,
 2409,   307025.8,    188.212,      81.446,      0.000,
 2410,   307065.8,    188.187,      83.357,      0.000,
 2411,   307105.8,    188.250,      83.698,      0.000,
 2412,   307145.8,    188.199,      81.726,      0.000,
 2413,   307185.8,    188.237,      82.599,      0.000,
 2414,   307225.8,    188.187,      82.223,      0.000,
 2415,   307265.8,    188.188,      79.040,      0.000,
 2416,   307305.8,    188.151,      80.596,      0.000,
 2417,   307345.8,    188.251,      80.931,      0.000,
 2418,   307385.8,    188.214,      81.806,      0.000,
 2419,   307425.8,    188.302,      80.770,      0.000,
 2420,   307465.8,    188.225,      81.521,      0.000,
 2421,   307505.8,    188.213,      82.547,      0.000,
 2422,   307545.8,    188.264,      83.546,      0.000,
 2423,   307585.8,    188.188,      83.030,      0.000,
 2424,   307625.8,    188.137,      81.386,      0.000,
 2425,   307665.8,    188.251,      81.711,      0.000,
 2426,   307705.8,    188.188,      80.827,      0.000,
 2427,   307745.8,    188.202,      80.958,      0.000,
 2428,   307785.8,    188.202,      82.360,      0.000,
 2429,   307825.8,    188.189,      82.527,      0.000,
 2430,   307865.8,    188.252,      80.881,      0.000,
 2431,   307905.8,    188.241,      81.086,      0.000,
 2432,   307945.8,    188.191,      81.453,      0.000,
 2433,   307985.8,    188.141,      82.723,      0.000,
 2434,   308025.8,    188.166,      81.973,      0.000,
 2435,   308065.8,    188.216,      80.941,      0.000,
 2436,   308105.8,    188.228,      82.879,      0.000,
 2437,   308145.8,    188.277,      81.091,      0.000,
 2438,   308185.8,    188.240,      81.282,      0.000,
 2439,   308225.8,    188.164,      80.726,      0.000,
 2440,   308265.8,    188.166,      81.540,      0.000,
 2441,   308305.8,    188.192,      80.701,      0.000,
 2442,   308345.8,    188.167,      82.131,      0.000,
 2443,   308385.8,    188.231,      82.195,      0.000,
 2444,   308425.8,    188.230,      81.315,      0.000,
 2445,   308465.8,    188.255,      82.038,      0.000,
 2446,   308505.8,    188.242,      82.538,      0.000,
 2447,   308545.8,    188.192,      82.381,      0.000,
 2448,   308585.8,    188.179,      81.660,      0.000,
 2449,   308625.8,    188.093,      80.408,      0.000,
 2450,   308665.8,    188.170,      79.536,      0.000,
 2451,   308705.8,    188.182,      80.757,      0.000,
 2452,   308745.8,    188.310,      80.454,      0.000,
 2453,   308785.8,    188.221,      83.081,      0.000,
 2454,   308825.8,    188.222,      81.859,      0.000,
 2455,   308865.8,    188.209,      80.119,      0.000,
 2456,   308905.8,    188.221,      81.396,      0.000,
 2457,   308945.8,    188.285,      81.209,      0.000,
 2458,   308985.8,    188.273,      82.300,      0.000,
 2459,   309025.8,    188.198,      81.587,      0.000,
 2460,   309065.8,    188.187,      82.124,      0.000,
 2461,   309105.8,    188.201,      81.781,      0.000,
 2462,   309145.8,    188.287,      81.614,      0.000,
 2463,   309185.8,    188.272,      82.634,      0.000,
 2464,   309225.8,    188.210,      82.178,      0.000,
 2465,   309265.8,    188.223,      82.742,      0.000,
 2466,   309305.8,    188.186,      81.523,      0.000,
 2467,   309345.8,    188.223,      81.700,      0.000,
 2468,   309385.8,    188.236,      81.867,      0.000,
 2469,   309425.8,    188.300,      81.158,      0.000,
 2470,   309465.8,    188.312,      82.046,      0.000,
 2471,   309505.8,    188.145,      80.106,      0.000,
 2472,   309545.8,    188.157,      82.036,      0.000,
 2473,   309585.8,    188.246,      82.257,      0.000,
 2474,   309625.8,    188.234,      83.162,      0.000,
 2475,   309665.8,    188.236,      79.817,      0.000,
 2476,   309705.8,    188.186,      82.114,      0.000,
 2477,   309745.8,    188.173,      80.552,      0.000,
 2478,   309785.8,    188.223,      81.404,      0.000,
 2479,   309825.8,    188.198,      83.695,      0.000,
 2480,   309865.8,    188.312,      84.415,      0.000,
 2481,   309905.8,    188.273,      82.988,      0.000,
 2482,   309945.8,    188.272,      83.127,      0.000,
 2483,   309985.8,    188.284,      80.990,      0.000,
 2484,   310025.8,    188.209,      81.510,      0.000,
 2485,   310065.8,    188.173,      82.368,      0.000,
 2486,   310105.8,    188.211,      83.475,      0.000,
 2487,   310145.8,    188.198,      81.105,      0.000,
 2488,   310185.8,    188.185,      82.562,      0.000,
 2489,   310225.8,    188.236,      82.555,      0.000,
 2490,   310265.8,    188.236,      81.043,      0.000,
 2491,   310305.8,    188.172,      81.584,      0.000,
 2492,   310345.8,    188.211,      80.486,      0.000,
 2493,   310385.8,    188.262,      81.313,      0.000,
 2494,   310425.8,    188.249,      82.204,      0.000,
 2495,   310465.8,    188.237,      82.715,      0.000,
 2496,   310505.8,    188.238,      81.130,      0.000,
 2497,   310545.8,    188.202,      80.722,      0.000,
 2498,   310585.8,    188.278,      82.977,      0.000,
 2499,   310625.8,    188.228,      81.874,      0.000,
 2500,   310665.8,    188.213,      83.662,      0.000,
 2501,   310705.8,    188.212,      82.422,      0.000,
 2502,   310745.8,    188.225,      81.593,      0.000,
 2503,   310785.8,    188.227,      82.510,      0.000,
 2504,   310825.8,    188.252,      81.819,      0.000,
 2505,   310865.8,    188.239,      81.086,      0.000,
 2506,   310905.8,    188.290,      80.485,      0.000,
 2507,   310945.8,    188.214,      83.505,      0.000,
 2508,   310985.8,    188.213,      82.282,      0.000,
 2509,   311025.8,    188.250,      82.153,      0.000,
 2510,   311065.8,    188.212,      81.111,      0.000,
 2511,   311105.8,    188.199,      80.748,      0.000,
 2512,   311145.8,    188.201,      80.761,      0.000,
 2513,   311185.8,    188.214,      82.179,      0.000,
 2514,   311225.8,    188.277,      81.776,      0.000,
 2515,   311265.8,    188.252,      83.573,      0.000,
 2516,   311305.8,    188.278,      82.894,      0.000,
 2517,   311345.8,    188.329,      82.024,      0.000,
 2518,   311385.8,    188.290,      81.672,      0.000,
 2519,   311425.8,    188.200,      80.052,      0.000,
 2520,   311465.8,    188.251,      79.726,      0.000,
 2521,   311505.8,    188.264,      80.630,      0.000,
 2522,   311545.8,    188.228,      81.909,      0.000,
 2523,   311585.8,    188.303,      81.735,      0.000,
 2524,   311625.8,    188.240,      81.895,      0.000,
 2525,   311665.8,    188.265,      80.456,      0.000,
 2526,   311705.8,    188.264,      82.209,      0.000,
 2527,   311745.8,    188.251,      81.159,      0.000,
 2528,   311785.8,    188.201,      80.333,      0.000,
 2529,   311825.8,    188.175,      82.816,      0.000,
 2530,   311865.8,    188.239,      81.557,      0.000,
 2531,   311905.8,    188.292,      80.484,      0.000,
 2532,   311945.8,    188.216,      82.778,      0.000,
 2533,   311985.8,    188.267,      80.455,      0.000,
 2534,   312025.8,    188.152,      80.638,      0.000,
 2535,   312065.8,    188.203,      83.098,      0.000,
 2536,   312105.8,    188.266,      81.324,      0.000,
 2537,   312145.8,    188.253,      81.523,      0.000,
 2538,   312185.8,    188.239,      83.811,      0.000,
 2539,   312225.8,    188.265,      80.465,      0.000,
 2540,   312265.8,    188.213,      82.203,      0.000,
 2541,   312305.8,    188.240,      81.827,      0.000,
 2542,   312345.8,    188.279,      80.599,      0.000,
 2543,   312385.8,    188.253,      80.404,      0.000,
 2544,   312425.8,    188.291,      82.490,      0.000,
 2545,   312465.8,    188.267,      81.110,      0.000,
 2546,   312505.8,    188.229,      82.010,      0.000,
 2547,   312545.8,    188.191,      82.024,      0.000,
 2548,   312585.8,    188.255,      84.306,      0.000,
 2549,   312625.8,    188.204,      83.266,      0.000,
 2550,   312665.8,    188.205,      82.175,      0.000,
 2551,   312705.8,    188.243,      79.851,      0.000,
 2552,   312745.8,    188.265,      82.104,      0.000,
 2553,   312785.8,    188.252,      80.877,      0.000,
 2554,   312825.8,    188.227,      79.842,      0.000,
 2555,   312865.8,    188.176,      81.951,      0.000,
 2556,   312905.8,    188.225,      81.258,      0.000,
 2557,   312945.8,    188.274,      82.842,      0.000,
 2558,   312985.8,    188.259,      81.615,      0.000,
 2559,   313025.8,    188.220,      82.325,      0.000,
 2560,   313065.8,    188.196,      80.378,      0.000,
 2561,   313105.8,    188.208,      80.205,      0.000,
 2562,   313145.8,    188.232,      81.127,      0.000,
 2563,   313185.8,    188.196,      82.175,      0.000,
 2564,   313225.8,    188.259,      80.627,      0.000,
 2565,   313265.8,    188.220,      82.446,      0.000,
 2566,   313305.8,    188.270,      82.600,      0.000,
 2567,   313345.8,    188.257,      82.607,      0.000,
 2568,   313385.8,    188.267,      81.752,      0.000,
 2569,   313425.8,    188.241,      82.817,      0.000,
 2570,   313465.8,    188.304,      81.605,      0.000,
 2571,   313505.8,    188.227,      80.047,      0.000,
 2572,   313545.8,    188.213,      82.356,      0.000,
 2573,   313585.8,    188.201,      81.670,      0.000,
 2574,   313625.8,    188.250,      82.036,      0.000,
 2575,   313665.8,    188.225,      81.883,      0.000,
 2576,   313705.8,    188.275,      80.450,      0.000,
 2577,   313745.8,    188.275,      81.510,      0.000,
 2578,   313785.8,    188.213,      83.839,      0.000,
 2579,   313825.8,    188.239,      81.336,      0.000,
 2580,   313865.8,    188.151,      81.018,      0.000,
 2581,   313905.8,    188.150,      81.029,      0.000,
 2582,   313945.8,    188.212,      81.193,      0.000,
 2583,   313985.8,    188.250,      80.975,      0.000,
 2584,   314025.8,    188.263,      83.625,      0.000,
 2585,   314065.8,    188.149,      82.412,      0.000,
 2586,   314105.8,    188.276,      83.277,      0.000,
 2587,   314145.8,    188.238,      82.187,      0.000,
 2588,   314185.8,    188.226,      80.590,      0.000,
 2589,   314225.8,    188.216,      81.821,      0.000,
 2590,   314265.8,    188.216,      81.327,      0.000,
 2591,   314305.8,    188.280,      82.210,      0.000,
 2592,   314345.8,    188.332,      81.529,      0.000,
 2593,   314385.8,    188.245,      81.332,      0.000,
 2594,   314425.8,    188.283,      80.774,      0.000,
 2595,   314465.8,    188.180,      82.519,      0.000,
 2596,   314505.8,    188.256,      80.381,      0.000,
 2597,   314545.8,    188.258,      82.307,      0.000,
 2598,   314585.8,    188.247,      81.625,      0.000,
 2599,   314625.8,    188.249,      81.444,      0.000,
 2600,   314665.8,    188.211,      81.979,      0.000,
 2601,   314705.8,    188.249,      81.611,      0.000,
 2602,   314745.8,    188.224,      80.743,      0.000,
 2603,   314785.8,    188.236,      81.577,      0.000,
 2604,   314825.8,    188.311,      81.707,      0.000,
 2605,   314865.8,    188.262,      82.585,      0.000,
 2606,   314905.8,    188.238,      82.419,      0.000,
 2607,   314945.8,    188.263,      81.738,      0.000,
 2608,   314985.8,    188.202,      83.157,      0.000,
 2609,   315025.8,    188.203,      82.118,      0.000,
 2610,   315065.8,    188.203,      81.231,      0.000,
 2611,   315105.8,    188.330,      81.194,      0.000,
 2612,   315145.8,    188.278,      81.917,      0.000,
 2613,   315185.8,    188.264,      80.007,      0.000,
 2614,   315225.8,    188.328,      80.883,      0.000,
 2615,   315265.8,    188.265,      81.413,      0.000,
 2616,   315305.8,    188.240,      79.676,      0.000,
 2617,   315345.8,    188.254,      83.046,      0.000,
 2618,   315385.8,    188.267,      82.698,      0.000,
 2619,   315425.8,    188.228,      82.176,      0.000,
 2620,   315465.8,    188.215,      82.150,      0.000,
 2621,   315505.8,    188.277,      81.600,      0.000,
 2622,   315545.8,    188.253,      80.920,      0.000,
 2623,   315585.8,    188.239,      81.666,      0.000,
 2624,   315625.8,    188.253,      81.514,      0.000,
 2625,   315665.8,    188.341,      82.247,      0.000,
 2626,   315705.8,    188.225,      83.158,      0.000,
 2627,   315745.8,    188.199,      79.802,      0.000,
 2628,   315785.8,    188.200,      82.100,      0.000,
 2629,   315825.8,    188.261,      81.927,      0.000,
 2630,   315865.8,    188.287,      82.968,      0.000,
 2631,   315905.8,    188.223,      82.623,      0.000,
 2632,   315945.8,    188.274,      81.750,      0.000,
 2633,   315985.8,    188.196,      80.518,      0.000,
 2634,   316025.8,    188.220,      80.334,      0.000,
 2635,   316065.8,    188.232,      81.567,      0.000,
 2636,   316105.8,    188.245,      81.406,      0.000,
 2637,   316145.8,    188.234,      82.982,      0.000,
 2638,   316185.8,    188.195,      82.053,      0.000,
 2639,   316225.8,    188.321,      82.952,      0.000,
 2640,   316265.8,    188.244,      80.665,      0.000,
 2641,   316305.8,    188.283,      80.690,      0.000,
 2642,   316345.8,    188.246,      80.004,      0.000,
 2643,   316385.8,    188.233,      82.516,      0.000,
 2644,   316425.8,    188.207,      81.608,      0.000,
 2645,   316465.8,    188.217,      81.757,      0.000,
 2646,   316505.8,    188.205,      82.419,      0.000,
 2647,   316545.8,    188.205,      81.866,      0.000,
 2648,   316585.8,    188.191,      81.143,      0.000,
 2649,   316625.8,    188.267,      81.314,      0.000,
 2650,   316665.8,    188.229,      82.207,      0.000,
 2651,   316705.8,    188.228,      82.899,      0.000,
 2652,   316745.8,    188.280,      82.394,      0.000,
 2653,   316785.8,    188.244,      81.485,      0.000,
 2654,   316825.8,    188.294,      82.051,      0.000,
 2655,   316865.8,    188.155,      82.593,      0.000,
 2656,   316905.8,    188.257,      82.364,      0.000,
 2657,   316945.8,    188.205,      81.487,      0.000,
 2658,   316985.8,    188.180,      82.160,      0.000,
 2659,   317025.8,    188.218,      83.602,      0.000,
 2660,   317065.8,    188.168,      81.316,      0.000,
 2661,   317105.8,    188.271,      81.503,      0.000,
 2662,   317145.8,    188.233,      81.982,      0.000,
 2663,   317185.8,    188.283,      82.115,      0.000,
 2664,   317225.8,    188.284,      81.759,      0.000,
 2665,   317265.8,    188.259,      82.612,      0.000,
 2666,   317305.8,    188.311,      82.282,      0.000,
 2667,   317345.8,    188.261,      80.543,      0.000,
 2668,   317385.8,    188.310,      80.892,      0.000,
 2669,   317425.8,    188.286,      81.412,      0.000,
 2670,   317465.8,    188.197,      81.461,      0.000,
 2671,   317505.8,    188.199,      81.943,      0.000,
 2672,   317545.8,    188.250,      82.111,      0.000,
 2673,   317585.8,    188.252,      80.892,      0.000,
 2674,   317625.8,    188.214,      81.990,      0.000,
 2675,   317665.8,    188.228,      82.500,      0.000,
 2676,   317705.8,    188.265,      82.282,      0.000,
 2677,   317745.8,    188.263,      82.252,      0.000,
 2678,   317785.8,    188.224,      81.752,      0.000,
 2679,   317825.8,    188.287,      82.438,      0.000,
 2680,   317865.8,    188.288,      82.559,      0.000,
 2681,   317905.8,    188.261,      83.609,      0.000,
 2682,   317945.8,    188.259,      83.394,      0.000,
 2683,   317985.8,    188.285,      81.409,      0.000,
 2684,   318025.8,    188.224,      80.928,      0.000,
 2685,   318065.8,    188.239,      82.210,      0.000,
 2686,   318105.8,    188.290,      81.556,      0.000,
 2687,   318145.8,    188.252,      82.262,      0.000,
 2688,   318185.8,    188.241,      82.231,      0.000,
 2689,   318225.8,    188.241,      81.815,      0.000,
 2690,   318265.8,    188.291,      81.087,      0.000,
 2691,   318305.8,    188.290,      82.864,      0.000,
 2692,   318345.8,    188.215,      80.732,      0.000,
 2693,   318385.8,    188.303,      81.797,      0.000,
 2694,   318425.8,    188.277,      82.284,      0.000,
 2695,   318465.8,    188.277,      82.258,      0.000,
 2696,   318505.8,    188.315,      82.597,      0.000,
 2697,   318545.8,    188.305,      82.392,      0.000,
 2698,   318585.8,    188.295,      81.902,      0.000,
 2699,   318625.8,    188.308,      82.597,      0.000,
 2700,   318665.8,    188.296,      82.798,      0.000,
 2701,   318705.8,    188.283,      81.420,      0.000,
 2702,   318745.8,    188.246,      80.525,      0.000,
 2703,   318785.8,    188.208,      79.695,      0.000,
 2704,   318825.8,    188.196,      81.631,      0.000,
 2705,   318865.8,    188.208,      82.313,      0.000,
 2706,   318905.8,    188.259,      83.177,      0.000,
 2707,   318945.8,    188.222,      81.774,      0.000,
 2708,   318985.8,    188.235,      84.080,      0.000,
 2709,   319025.8,    188.209,      81.779,      0.000,
 2710,   319065.8,    188.235,      81.220,      0.000,
 2711,   319105.8,    188.271,      81.611,      0.000,
 2712,   319145.8,    188.296,      81.014,      0.000,
 2713,   319185.8,    188.322,      83.302,      0.000,
 2714,   319225.8,    188.336,      82.737,      0.000,
 2715,   319265.8,    188.248,      82.755,      0.000,
 2716,   319305.8,    188.187,      81.581,      0.000,
 2717,   319345.8,    188.275,      80.175,      0.000,
 2718,   319385.8,    188.338,      79.461,      0.000,
 2719,   319425.8,    188.260,      80.737,      0.000,
 2720,   319465.8,    188.272,      80.754,      0.000,
 2721,   319505.8,    188.247,      81.442,      0.000,
 2722,   319545.8,    188.262,      81.455,      0.000,
 2723,   319585.8,    188.287,      83.797,      0.000,
 2724,   319625.8,    188.273,      82.227,      0.000,
 2725,   319665.8,    188.297,      80.726,      0.000,
 2726,   319705.8,    188.244,      80.870,      0.000,
 2727,   319745.8,    188.294,      81.549,      0.000,
 2728,   319785.8,    188.279,      81.532,      0.000,
 2729,   319825.8,    188.318,      80.867,      0.000,
 2730,   319865.8,    188.256,      82.111,      0.000,
 2731,   319905.8,    188.242,      82.663,      0.000,
 2732,   319945.8,    188.267,      81.928,      0.000,
 2733,   319985.8,    188.252,      81.560,      0.000,
 2734,   320025.8,    188.215,      81.023,      0.000,
 2735,   320065.8,    188.352,      80.822,      0.000,
 2736,   320105.8,    188.351,      82.073,      0.000,
 2737,   320145.8,    188.310,      82.804,      0.000,
 2738,   320185.8,    188.297,      81.565,      0.000,
 2739,   320225.8,    188.208,      82.943,      0.000,
 2740,   320265.8,    188.244,      81.668,      0.000,
 2741,   320305.8,    188.180,      80.246,      0.000,
 2742,   320345.8,    188.282,      80.807,      0.000,
 2743,   320385.8,    188.206,      81.461,      0.000,
 2744,   320425.8,    188.281,      82.539,      0.000,
 2745,   320465.8,    188.220,      81.467,      0.000,
 2746,   320505.8,    188.309,      83.742,      0.000,
 2747,   320545.8,    188.308,      81.997,      0.000,
 2748,   320585.8,    188.195,      79.709,      0.000,
 2749,   320625.8,    188.259,      79.397,      0.000,
 2750,   320665.8,    188.311,      80.982,      0.000,
 2751,   320705.8,    188.325,      81.361,      0.000,
 2752,   320745.8,    188.314,      81.185,      0.000,
 2753,   320785.8,    188.339,      82.182,      0.000,
 2754,   320825.8,    188.261,      83.601,      0.000,
 2755,   320865.8,    188.247,      80.058,      0.000,
 2756,   320905.8,    188.170,      81.477,      0.000,
 2757,   320945.8,    188.222,      81.310,      0.000,
 2758,   320985.8,    188.312,      81.853,      0.000,
 2759,   321025.8,    188.365,      82.048,      0.000,
 2760,   321065.8,    188.302,      82.722,      0.000,
 2761,   321105.8,    188.227,      81.311,      0.000,
 2762,   321145.8,    188.187,      82.363,      0.000,
 2763,   321185.8,    188.199,      81.658,      0.000,
 2764,   321225.8,    188.250,      81.113,      0.000,
 2765,   321265.8,    188.225,      81.146,      0.000,
 2766,   321305.8,    188.239,      81.837,      0.000,
 2767,   321345.8,    188.239,      81.832,      0.000,
 2768,   321385.8,    188.303,      81.526,      0.000,
 2769,   321425.8,    188.253,      81.700,      0.000,
 2770,   321465.8,    188.213,      80.796,      0.000,
 2771,   321505.8,    188.214,      81.823,      0.000,
 2772,   321545.8,    188.302,      82.368,      0.000,
 2773,   321585.8,    188.366,      82.545,      0.000,
 2774,   321625.8,    188.339,      81.308,      0.000,
 2775,   321665.8,    188.288,      82.596,      0.000,
 2776,   321705.8,    188.251,      82.229,      0.000,
 2777,   321745.8,    188.214,      81.874,      0.000,
 2778,   321785.8,    188.238,      82.040,      0.000,
 2779,   321825.8,    188.275,      82.546,      0.000,
 2780,   321865.8,    188.301,      82.557,      0.000,
 2781,   321905.8,    188.327,      82.231,      0.000,
 2782,   321945.8,    188.251,      81.322,      0.000,
 2783,   321985.8,    188.325,      82.048,      0.000,
 2784,   322025.8,    188.297,      83.444,      0.000,
 2785,   322065.8,    188.217,      82.556,      0.000,
 2786,   322105.8,    188.243,      82.050,      0.000,
 2787,   322145.8,    188.269,      81.504,      0.000,
 2788,   322185.8,    188.244,      81.683,      0.000,
 2789,   322225.8,    188.243,      81.709,      0.000,
 2790,   322265.8,    188.153,      82.917,      0.000,
 2791,   322305.8,    188.227,      81.882,      0.000,
 2792,   322345.8,    188.278,      82.073,      0.000,
 2793,   322385.8,    188.277,      83.009,      0.000,
 2794,   322425.8,    188.227,      81.819,      0.000,
 2795,   322465.8,    188.188,      81.112,      0.000,
 2796,   322505.8,    188.214,      80.753,      0.000,
 2797,   322545.8,    188.290,      82.021,      0.000,
 2798,   322585.8,    188.315,      81.805,      0.000,
 2799,   322625.8,    188.277,      82.011,      0.000,
 2800,   322665.8,    188.277,      82.166,      0.000,
 2801,   322705.8,    188.316,      82.161,      0.000,
 2802,   322745.8,    188.355,      83.433,      0.000,
 2803,   322785.8,    188.252,      82.346,      0.000,
 2804,   322825.8,    188.202,      82.206,      0.000,
 2805,   322865.8,    188.241,      81.856,      0.000,
 2806,   322905.8,    188.191,      84.007,      0.000,
 2807,   322945.8,    188.230,      81.039,      0.000,
 2808,   322985.8,    188.181,      81.081,      0.000,
 2809,   323025.8,    188.230,      81.947,      0.000,
 2810,   323065.8,    188.269,      81.936,      0.000,
 2811,   323105.8,    188.294,      82.255,      0.000,
 2812,   323145.8,    188.334,      80.678,      0.000,
 2813,   323185.8,    188.298,      82.610,      0.000,
 2814,   323225.8,    188.274,      81.210,      0.000,
 2815,   323265.8,    188.313,      82.800,      0.000,
 2816,   323305.8,    188.237,      82.439,      0.000,
 2817,   323345.8,    188.238,      81.756,      0.000,
 2818,   323385.8,    188.289,      82.634,      0.000,
 2819,   323425.8,    188.278,      83.524,      0.000,
 2820,   323465.8,    188.329,      81.582,      0.000,
 2821,   323505.8,    188.240,      81.756,      0.000,
 2822,   323545.8,    188.330,      82.008,      0.000,
 2823,   323585.8,    188.283,      80.028,      0.000,
 2824,   323625.8,    188.274,      81.284,      0.000,
 2825,   323665.8,    188.303,      81.257,      0.000,
 2826,   323705.8,    188.263,      81.005,      0.000,
 2827,   323745.8,    188.301,      80.692,      0.000,
 2828,   323785.8,    188.224,      81.065,      0.000,
 2829,   323825.8,    188.286,      81.596,      0.000,
 2830,   323865.8,    188.236,      81.205,      0.000,
 2831,   323905.8,    188.199,      79.787,      0.000,
 2832,   323945.8,    188.225,      81.801,      0.000,
 2833,   323985.8,    188.276,      82.681,      0.000,
 2834,   324025.8,    188.327,      82.107,      0.000,
 2835,   324065.8,    188.265,      80.846,      0.000,
 2836,   324105.8,    188.317,      83.326,      0.000,
 2837,   324145.8,    188.354,      82.279,      0.000,
 2838,   324185.8,    188.314,      81.793,      0.000,
 2839,   324225.8,    188.249,      82.138,      0.000,
 2840,   324265.8,    188.262,      81.141,      0.000,
 2841,   324305.8,    188.210,      82.536,      0.000,
 2842,   324345.8,    188.324,      81.266,      0.000,
 2843,   324385.8,    188.325,      83.576,      0.000,
 2844,   324425.8,    188.299,      83.421,      0.000,
 2845,   324465.8,    188.338,      83.227,      0.000,
 2846,   324505.8,    188.325,      82.013,      0.000,
 2847,   324545.8,    188.262,      82.701,      0.000,
 2848,   324585.8,    188.286,      82.329,      0.000,
 2849,   324625.8,    188.311,      81.580,      0.000,
 2850,   324665.8,    188.285,      81.074,      0.000,
 2851,   324705.8,    188.220,      80.935,      0.000,
 2852,   324745.8,    188.246,      81.089,      0.000,
 2853,   324785.8,    188.219,      81.806,      0.000,
 2854,   324825.8,    188.345,      82.461,      0.000,
 2855,   324865.8,    188.318,      81.565,      0.000,
 2856,   324905.8,    188.293,      81.580,      0.000,
 2857,   324945.8,    188.356,      81.400,      0.000,
 2858,   324985.8,    188.315,      82.603,      0.000,
 2859,   325025.8,    188.302,      82.949,      0.000,
 2860,   325065.8,    188.314,      81.701,      0.000,
 2861,   325105.8,    188.239,      81.178,      0.000,
 2862,   325145.8,    188.314,      81.872,      0.000,
 2863,   325185.8,    188.211,      81.006,      0.000,
 2864,   325225.8,    188.248,      81.707,      0.000,
 2865,   325265.8,    188.221,      81.009,      0.000,
 2866,   325305.8,    188.310,      82.614,      0.000,
 2867,   325345.8,    188.311,      82.821,      0.000,
 2868,   325385.8,    188.300,      81.189,      0.000,
 2869,   325425.8,    188.313,      81.551,      0.000,
 2870,   325465.8,    188.311,      84.012,      0.000,
 2871,   325505.8,    188.235,      80.089,      0.000,
 2872,   325545.8,    188.273,      81.132,      0.000,
 2873,   325585.8,    188.287,      81.993,      0.000,
 2874,   325625.8,    188.287,      81.664,      0.000,
 2875,   325665.8,    188.324,      82.577,      0.000,
 2876,   325705.8,    188.312,      81.918,      0.000,
 2877,   325745.8,    188.276,      82.451,      0.000,
 2878,   325785.8,    188.214,      82.100,      0.000,
 2879,   325825.8,    188.239,      82.192,      0.000,
 2880,   325865.8,    188.302,      80.926,      0.000,
 2881,   325905.8,    188.328,      81.520,      0.000,
 2882,   325945.8,    188.341,      81.900,      0.000,
 2883,   325985.8,    188.290,      81.936,      0.000,
 2884,   326025.8,    188.266,      81.553,      0.000,
 2885,   326065.8,    188.316,      81.570,      0.000,
 2886,   326105.8,    188.266,      81.557,      0.000,
 2887,   326145.8,    188.303,      81.699,      0.000,
 2888,   326185.8,    188.315,      82.204,      0.000,
 2889,   326225.8,    188.265,      83.474,      0.000,
 2890,   326265.8,    188.304,      81.014,      0.000,
 2891,   326305.8,    188.242,      80.705,      0.000,
 2892,   326345.8,    188.255,      81.949,      0.000,
 2893,   326385.8,    188.279,      79.994,      0.000,
 2894,   326425.8,    188.292,      80.871,      0.000,
 2895,   326465.8,    188.216,      80.998,      0.000,
 2896,   326505.8,    188.279,      82.742,      0.000,
 2897,   326545.8,    188.367,      84.488,      0.000,
 2898,   326585.8,    188.343,      83.083,      0.000,
 2899,   326625.8,    188.292,      81.173,      0.000,
 2900,   326665.8,    188.268,      80.821,      0.000,
 2901,   326705.8,    188.242,      82.063,      0.000,
 2902,   326745.8,    188.292,      81.333,      0.000,
 2903,   326785.8,    188.255,      80.823,      0.000,
 2904,   326825.8,    188.229,      81.693,      0.000,
 2905,   326865.8,    188.318,      82.564,      0.000,
 2906,   326905.8,    188.268,      81.170,      0.000,
 2907,   326945.8,    188.291,      81.860,      0.000,
 2908,   326985.8,    188.328,      80.636,      0.000,
 2909,   327025.8,    188.252,      81.310,      0.000,
 2910,   327065.8,    188.240,      81.144,      0.000,
 2911,   327105.8,    188.329,      82.390,      0.000,
 2912,   327145.8,    188.303,      83.997,      0.000,
 2913,   327185.8,    188.252,      82.565,      0.000,
 2914,   327225.8,    188.212,      80.997,      0.000,
 2915,   327265.8,    188.301,      81.680,      0.000,
 2916,   327305.8,    188.325,      81.145,      0.000,
 2917,   327345.8,    188.246,      81.827,      0.000,
 2918,   327385.8,    188.284,      81.967,      0.000,
 2919,   327425.8,    188.386,      80.457,      0.000,
 2920,   327465.8,    188.324,      80.844,      0.000,
 2921,   327505.8,    188.298,      81.670,      0.000,
 2922,   327545.8,    188.311,      81.291,      0.000,
 2923,   327585.8,    188.285,      82.321,      0.000,
 2924,   327625.8,    188.335,      81.650,      0.000,
 2925,   327665.8,    188.233,      82.134,      0.000,
 2926,   327705.8,    188.284,      83.201,      0.000,
 2927,   327745.8,    188.259,      81.826,      0.000,
 2928,   327785.8,    188.285,      81.502,      0.000,
 2929,   327825.8,    188.311,      82.607,      0.000,
 2930,   327865.8,    188.236,      81.705,      0.000,
 2931,   327905.8,    188.259,      82.416,      0.000,
 2932,   327945.8,    188.334,      81.382,      0.000,
 2933,   327985.8,    188.333,      82.432,      0.000,
 2934,   328025.8,    188.333,      82.764,      0.000,
 2935,   328065.8,    188.307,      82.738,      0.000,
 2936,   328105.8,    188.308,      81.688,      0.000,
 2937,   328145.8,    188.270,      81.722,      0.000,
 2938,   328185.8,    188.270,      81.884,      0.000,
 2939,   328225.8,    188.257,      82.402,      0.000,
 2940,   328265.8,    188.243,      81.527,      0.000,
 2941,   328305.8,    188.320,      79.925,      0.000,
 2942,   328345.8,    188.281,      81.191,      0.000,
 2943,   328385.8,    188.270,      82.772,      0.000,
 2944,   328425.8,    188.320,      83.291,      0.000,
 2945,   328465.8,    188.281,      81.309,      0.000,
 2946,   328505.8,    188.307,      82.212,      0.000,
 2947,   328545.8,    188.307,      79.756,      0.000,
 2948,   328585.8,    188.206,      80.456,      0.000,
 2949,   328625.8,    188.244,      80.352,      0.000,
 2950,   328665.8,    188.258,      82.118,      0.000,
 2951,   328705.8,    188.309,      82.958,      0.000,
 2952,   328745.8,    188.296,      84.159,      0.000,
 2953,   328785.8,    188.282,      82.580,      0.000,
 2954,   328825.8,    188.282,      81.999,      0.000,
 2955,   328865.8,    188.321,      81.968,      0.000,
 2956,   328905.8,    188.271,      82.516,      0.000,
 2957,   328945.8,    188.271,      82.022,      0.000,
 2958,   328985.8,    188.297,      82.380,      0.000,
 2959,   329025.8,    188.298,      78.982,      0.000,
 2960,   329065.8,    188.247,      80.945,      0.000,
 2961,   329105.8,    188.222,      82.182,      0.000,
 2962,   329145.8,    188.247,      81.268,      0.000,
 2963,   329185.8,    188.336,      82.539,      0.000,
 2964,   329225.8,    188.309,      82.014,      0.000,
 2965,   329265.8,    188.272,      83.230,      0.000,
 2966,   329305.8,    188.324,      82.015,      0.000,
 2967,   329345.8,    188.235,      80.549,      0.000,
 2968,   329385.8,    188.337,      81.786,      0.000,
 2969,   329425.8,    188.284,      81.712,      0.000,
 2970,   329465.8,    188.245,      82.227,      0.000,
 2971,   329505.8,    188.259,      81.461,      0.000,
 2972,   329545.8,    188.321,      82.657,      0.000,
 2973,   329585.8,    188.258,      81.967,      0.000,
 2974,   329625.8,    188.347,      81.653,      0.000,
 2975,   329665.8,    188.273,      82.573,      0.000,
 2976,   329705.8,    188.272,      83.288,      0.000,
 2977,   329745.8,    188.270,      80.972,      0.000,
 2978,   329785.8,    188.233,      83.640,      0.000,
 2979,   329825.8,    188.309,      82.698,      0.000,
 2980,   329865.8,    188.335,      83.410,      0.000,
 2981,   329905.8,    188.361,      82.353,      0.000,
 2982,   329945.8,    188.348,      81.267,      0.000,
 2983,   329985.8,    188.285,      80.789,      0.000,
 2984,   330025.8,    188.260,      82.244,      0.000,
 2985,   330065.8,    188.273,      81.538,      0.000,
 2986,   330105.8,    188.272,      81.860,      0.000,
 2987,   330145.8,    188.297,      81.324,      0.000,
 2988,   330185.8,    188.337,      81.702,      0.000,
 2989,   330225.8,    188.261,      82.017,      0.000,
 2990,   330265.8,    188.274,      81.108,      0.000,
 2991,   330305.8,    188.260,      81.995,      0.000,
 2992,   330345.8,    188.285,      81.291,      0.000,
 2993,   330385.8,    188.323,      80.437,      0.000,
 2994,   330425.8,    188.338,      81.347,      0.000,
 2995,   330465.8,    188.313,      82.281,      0.000,
 2996,   330505.8,    188.314,      81.200,      0.000,
 2997,   330545.8,    188.238,      82.977,      0.000,
 2998,   330585.8,    188.188,      80.904,      0.000,
 2999,   330625.8,    188.200,      83.050,      0.000,
 3000,   330665.8,    188.313,      83.404,      0.000,
 3001,   330705.8,    188.237,      82.539,      0.000,
 3002,   330745.8,    188.314,      82.371,      0.000,
 3003,   330785.8,    188.251,      82.017,      0.000,
 3004,   330825.8,    188.366,      81.477,      0.000,
 3005,   330865.8,    188.303,      81.302,      0.000,
 3006,   330905.8,    188.263,      83.083,      0.000,
 3007,   330945.8,    188.251,      81.513,      0.000,
 3008,   330985.8,    188.327,      80.395,      0.000,
 3009,   331025.8,    188.277,      81.470,      0.000,
 3010,   331065.8,    188.188,      80.427,      0.000,
 3011,   331105.8,    188.275,      81.512,      0.000,
 3012,   331145.8,    188.226,      81.185,      0.000,
 3013,   331185.8,    188.302,      80.654,      0.000,
 3014,   331225.8,    188.264,      82.066,      0.000,
 3015,   331265.8,    188.300,      80.321,      0.000,
 3016,   331305.8,    188.274,      80.126,      0.000,
 3017,   331345.8,    188.363,      83.431,      0.000,
 3018,   331385.8,    188.338,      81.680,      0.000,
 3019,   331425.8,    188.274,      80.981,      0.000,
 3020,   331465.8,    188.337,      84.146,      0.000,
 3021,   331505.8,    188.286,      82.932,      0.000,
 3022,   331545.8,    188.311,      81.156,      0.000,
 3023,   331585.8,    188.295,      81.789,      0.000,
 3024,   331625.8,    188.268,      81.038,      0.000,
 3025,   331665.8,    188.255,      80.489,      0.000,
 3026,   331705.8,    188.295,      82.097,      0.000,
 3027,   331745.8,    188.257,      81.982,      0.000,
 3028,   331785.8,    188.269,      82.020,      0.000,
 3029,   331825.8,    188.307,      81.137,      0.000,
 3030,   331865.8,    188.231,      81.517,      0.000,
 3031,   331905.8,    188.294,      81.318,      0.000,
 3032,   331945.8,    188.294,      81.542,      0.000,
 3033,   331985.8,    188.319,      81.929,      0.000,
 3034,   332025.8,    188.331,      82.851,      0.000,
 3035,   332065.8,    188.331,      83.544,      0.000,
 3036,   332105.8,    188.305,      83.585,      0.000,
 3037,   332145.8,    188.293,      83.548,      0.000,
 3038,   332185.8,    188.317,      82.111,      0.000,
 3039,   332225.8,    188.304,      82.294,      0.000,
 3040,   332265.8,    188.290,      82.316,      0.000,
 3041,   332305.8,    188.431,      82.856,      0.000,
 3042,   332345.8,    188.317,      84.291,      0.000,
 3043,   332385.8,    188.344,      82.384,      0.000,
 3044,   332425.8,    188.244,      81.156,      0.000,
 3045,   332465.8,    188.143,      80.448,      0.000,
 3046,   332505.8,    188.232,      80.290,      0.000,
 3047,   332545.8,    188.207,      81.947,      0.000,
 3048,   332585.8,    188.272,      84.101,      0.000,
 3049,   332625.8,    188.348,      84.244,      0.000,
 3050,   332665.8,    188.309,      82.288,      0.000,
 3051,   332705.8,    188.259,      81.595,      0.000,
 3052,   332745.8,    188.258,      80.391,      0.000,
 3053,   332785.8,    188.296,      81.138,      0.000,
 3054,   332825.8,    188.371,      82.525,      0.000,
 3055,   332865.8,    188.333,      81.628,      0.000,
 3056,   332905.8,    188.372,      82.686,      0.000,
 3057,   332945.8,    188.333,      83.071,      0.000,
 3058,   332985.8,    188.333,      80.806,      0.000,
 3059,   333025.8,    188.322,      82.746,      0.000,
 3060,   333065.8,    188.247,      82.206,      0.000,
 3061,   333105.8,    188.285,      81.535,      0.000,
 3062,   333145.8,    188.286,      82.587,      0.000,
 3063,   333185.8,    188.289,      82.789,      0.000,
 3064,   333225.8,    188.378,      83.023,      0.000,
 3065,   333265.8,    188.251,      81.264,      0.000,
 3066,   333305.8,    188.351,      82.654,      0.000,
 3067,   333345.8,    188.299,      83.339,      0.000,
 3068,   333385.8,    188.311,      83.978,      0.000,
 3069,   333425.8,    188.286,      83.621,      0.000,
 3070,   333465.8,    188.285,      81.664,      0.000,
 3071,   333505.8,    188.311,      81.338,      0.000,
 3072,   333545.8,    188.273,      81.689,      0.000,
 3073,   333585.8,    188.335,      80.976,      0.000,
 3074,   333625.8,    188.348,      81.984,      0.000,
 3075,   333665.8,    188.334,      82.169,      0.000,
 3076,   333705.8,    188.232,      82.335,      0.000,
 3077,   333745.8,    188.284,      83.255,      0.000,
 3078,   333785.8,    188.272,      80.581,      0.000,
 3079,   333825.8,    188.299,      82.132,      0.000,
 3080,   333865.8,    188.249,      80.360,      0.000,
 3081,   333905.8,    188.286,      80.329,      0.000,
 3082,   333945.8,    188.273,      81.509,      0.000,
 3083,   333985.8,    188.296,      82.018,      0.000,
 3084,   334025.8,    188.283,      82.742,      0.000,
 3085,   334065.8,    188.308,      82.377,      0.000,
 3086,   334105.8,    188.308,      82.336,      0.000,
 3087,   334145.8,    188.281,      81.424,      0.000,
 3088,   334185.8,    188.281,      81.968,      0.000,
 3089,   334225.8,    188.331,      81.514,      0.000,
 3090,   334265.8,    188.281,      80.241,      0.000,
 3091,   334305.8,    188.331,      82.675,      0.000,
 3092,   334345.8,    188.281,      80.732,      0.000,
 3093,   334385.8,    188.321,      80.898,      0.000,
 3094,   334425.8,    188.308,      81.767,      0.000,
 3095,   334465.8,    188.272,      81.753,      0.000,
 3096,   334505.8,    188.273,      81.039,      0.000,
 3097,   334545.8,    188.273,      83.142,      0.000,
 3098,   334585.8,    188.324,      81.202,      0.000,
 3099,   334625.8,    188.347,      83.476,      0.000,
 3100,   334665.8,    188.347,      83.304,      0.000,
 3101,   334705.8,    188.284,      81.511,      0.000,
 3102,   334745.8,    188.297,      81.696,      0.000,
 3103,   334785.8,    188.309,      80.963,      0.000,
 3104,   334825.8,    188.321,      81.282,      0.000,
 3105,   334865.8,    188.322,      81.940,      0.000,
 3106,   334905.8,    188.223,      81.030,      0.000,
 3107,   334945.8,    188.362,      81.906,      0.000,
 3108,   334985.8,    188.349,      81.214,      0.000,
 3109,   335025.8,    188.284,      81.937,      0.000,
 3110,   335065.8,    188.284,      81.389,      0.000,
 3111,   335105.8,    188.272,      82.068,      0.000,
 3112,   335145.8,    188.298,      81.030,      0.000,
 3113,   335185.8,    188.247,      80.514,      0.000,
 3114,   335225.8,    188.284,      81.755,      0.000,
 3115,   335265.8,    188.298,      81.177,      0.000,
 3116,   335305.8,    188.299,      81.497,      0.000,
 3117,   335345.8,    188.312,      80.625,      0.000,
 3118,   335385.8,    188.337,      82.336,      0.000,
 3119,   335425.8,    188.285,      82.721,      0.000,
 3120,   335465.8,    188.298,      81.806,      0.000,
 3121,   335505.8,    188.285,      81.074,      0.000,
 3122,   335545.8,    188.298,      82.664,      0.000,
 3123,   335585.8,    188.298,      81.249,      0.000,
 3124,   335625.8,    188.348,      82.328,      0.000,
 3125,   335665.8,    188.359,      81.773,      0.000,
 3126,   335705.8,    188.333,      82.495,      0.000,
 3127,   335745.8,    188.346,      82.631,      0.000,
 3128,   335785.8,    188.333,      82.776,      0.000,
 3129,   335825.8,    188.283,      81.032,      0.000,
 3130,   335865.8,    188.284,      80.342,      0.000,
 3131,   335905.8,    188.284,      81.419,      0.000,
 3132,   335945.8,    188.371,      80.883,      0.000,
 3133,   335985.8,    188.305,      81.759,      0.000,
 3134,   336025.8,    188.318,      82.096,      0.000,
 3135,   336065.8,    188.380,      80.141,      0.000,
 3136,   336105.8,    188.253,      81.876,      0.000,
 3137,   336145.8,    188.304,      81.698,      0.000,
 3138,   336185.8,    188.316,      82.402,      0.000,
 3139,   336225.8,    188.316,      81.544,      0.000,
 3140,   336265.8,    188.290,      82.434,      0.000,
 3141,   336305.8,    188.367,      81.019,      0.000,
 3142,   336345.8,    188.328,      79.764,      0.000,
 3143,   336385.8,    188.329,      81.883,      0.000,
 3144,   336425.8,    188.291,      81.016,      0.000,
 3145,   336465.8,    188.290,      82.844,      0.000,
 3146,   336505.8,    188.250,      80.381,      0.000,
 3147,   336545.8,    188.237,      80.394,      0.000,
 3148,   336585.8,    188.276,      81.799,      0.000,
 3149,   336625.8,    188.316,      81.082,      0.000,
 3150,   336665.8,    188.329,      82.869,      0.000,
 3151,   336705.8,    188.368,      82.554,      0.000,
 3152,   336745.8,    188.330,      83.064,      0.000,
 3153,   336785.8,    188.356,      81.598,      0.000,
 3154,   336825.8,    188.294,      80.732,      0.000,
 3155,   336865.8,    188.333,      81.630,      0.000,
 3156,   336905.8,    188.308,      82.198,      0.000,
 3157,   336945.8,    188.296,      82.735,      0.000,
 3158,   336985.8,    188.334,      80.454,      0.000,
 3159,   337025.8,    188.283,      82.632,      0.000,
 3160,   337065.8,    188.296,      82.294,      0.000,
 3161,   337105.8,    188.334,      81.781,      0.000,
 3162,   337145.8,    188.335,      82.631,      0.000,
 3163,   337185.8,    188.310,      81.946,      0.000,
 3164,   337225.8,    188.296,      82.095,      0.000,
 3165,   337265.8,    188.235,      81.905,      0.000,
 3166,   337305.8,    188.286,      82.467,      0.000,
 3167,   337345.8,    188.288,      80.754,      0.000,
 3168,   337385.8,    188.339,      82.713,      0.000,
 3169,   337425.8,    188.276,      81.478,      0.000,
 3170,   337465.8,    188.300,      81.631,      0.000,
 3171,   337505.8,    188.363,      83.720,      0.000,
 3172,   337545.8,    188.286,      82.323,      0.000,
 3173,   337585.8,    188.298,      80.053,      0.000,
 3174,   337625.8,    188.285,      80.824,      0.000,
 3175,   337665.8,    188.287,      81.728,      0.000,
 3176,   337705.8,    188.312,      82.299,      0.000,
 3177,   337745.8,    188.363,      81.609,      0.000,
 3178,   337785.8,    188.286,      82.106,      0.000,
 3179,   337825.8,    188.387,      83.327,      0.000,
 3180,   337865.8,    188.336,      81.720,      0.000,
 3181,   337905.8,    188.335,      82.949,      0.000,
 3182,   337945.8,    188.285,      82.266,      0.000,
 3183,   337985.8,    188.296,      82.472,      0.000,
 3184,   338025.8,    188.257,      80.549,      0.000,
 3185,   338065.8,    188.333,      81.760,      0.000,
 3186,   338105.8,    188.283,      80.898,      0.000,
 3187,   338145.8,    188.295,      81.102,      0.000,
 3188,   338185.8,    188.281,      81.511,      0.000,
 3189,   338225.8,    188.306,      82.909,      0.000,
 3190,   338265.8,    188.331,      82.516,      0.000,
 3191,   338305.8,    188.380,      80.919,      0.000,
 3192,   338345.8,    188.341,      81.788,      0.000,
 3193,   338385.8,    188.329,      81.612,      0.000,
 3194,   338425.8,    188.265,      80.685,      0.000,
 3195,   338465.8,    188.341,      82.126,      0.000,
 3196,   338505.8,    188.278,      81.765,      0.000,
 3197,   338545.8,    188.367,      81.721,      0.000,
 3198,   338585.8,    188.342,      80.846,      0.000,
 3199,   338625.8,    188.405,      82.099,      0.000,
 3200,   338665.8,    188.342,      81.022,      0.000,
 3201,   338705.8,    188.317,      82.432,      0.000,
 3202,   338745.8,    188.315,      83.156,      0.000,
 3203,   338785.8,    188.341,      82.975,      0.000,
 3204,   338825.8,    188.355,      82.978,      0.000,
 3205,   338865.8,    188.291,      80.512,      0.000,
 3206,   338905.8,    188.355,      81.716,      0.000,
 3207,   338945.8,    188.315,      81.499,      0.000,
 3208,   338985.8,    188.316,      81.317,      0.000,
 3209,   339025.8,    188.316,      83.706,      0.000,
 3210,   339065.8,    188.317,      81.977,      0.000,
 3211,   339105.8,    188.395,      81.843,      0.000,
 3212,   339145.8,    188.347,      81.902,      0.000,
 3213,   339185.8,    188.286,      82.803,      0.000,
 3214,   339225.8,    188.250,      81.534,      0.000,
 3215,   339265.8,    188.312,      80.971,      0.000,
 3216,   339305.8,    188.311,      82.168,      0.000,
 3217,   339345.8,    188.286,      82.482,      0.000,
 3218,   339385.8,    188.349,      83.355,      0.000,
 3219,   339425.8,    188.362,      83.211,      0.000,
 3220,   339465.8,    188.337,      81.268,      0.000,
 3221,   339505.8,    188.425,      82.122,      0.000,
 3222,   339545.8,    188.348,      80.188,      0.000,
 3223,   339585.8,    188.286,      81.070,      0.000,
 3224,   339625.8,    188.325,      80.871,      0.000,
 3225,   339665.8,    188.289,      82.312,      0.000,
 3226,   339705.8,    188.315,      82.313,      0.000,
 3227,   339748.3,    188.265,      80.915,      0.000,
 3228,   339770.8,    188.708,      80.698,      0.000,
 3229,   339793.3,    188.770,      81.753,      0.000,
 3230,   339815.8,    188.706,      81.044,      0.000,
 3231,   339840.8,    188.568,      82.461,      0.000,
 3232,   339865.8,    188.721,      83.009,      0.000,
 3233,   339893.3,    188.621,      84.745,      0.000,
 3234,   339920.8,    188.748,      83.938,      0.000,
 3235,   339950.8,    188.734,      83.198,      0.000,
 3236,   339980.8,    188.683,      84.245,      0.000,
 3237,   340013.3,    188.657,      83.933,      0.000,
 3238,   340048.3,    188.530,      82.874,      0.000,
 3239,   340083.3,    188.518,      82.679,      0.000,
 3240,   340120.8,    188.429,      82.512,      0.000,
 3241,   340160.8,    188.430,      83.236,      0.000,
 3242,   340203.3,    188.304,      82.208,      0.000,
 3243,   340245.8,    188.241,      80.789,      0.000,
 3244,   340290.8,    188.177,      80.786,      0.000,
 3245,   340338.3,    188.227,      81.164,      0.000,
 3246,   340388.3,    188.190,      82.056,      0.000,
 3247,   340440.8,    188.216,      82.433,      0.000,
 3248,   340495.8,    188.152,      80.801,      0.000,
 3249,   340553.3,    187.962,      79.068,      0.000,
 3250,   340613.3,    188.089,      78.882,      0.000,
 3251,   340675.8,    188.013,      79.590,      0.000,
 3252,   340743.3,    187.924,      78.509,      0.000,
 3253,   340813.3,    187.936,      79.566,      0.000,
 3254,   340885.8,    187.872,      79.044,      0.000,
 3255,   340963.3,    187.924,      78.679,      0.000,
 3256,   341043.3,    187.873,      79.629,      0.000,
 3257,   341128.3,    187.798,      76.827,      0.000,
 3258,   341218.3,    187.798,      79.320,      0.000,
 3259,   341313.3,    187.797,      77.539,      0.000,
 3260,   341410.8,    187.759,      76.856,      0.000,
 3261,   341513.3,    187.785,      76.521,      0.000,
 3262,   341620.8,    187.722,      75.100,      0.000,
 3263,   341735.8,    187.760,      75.120,      0.000,
 3264,   341855.8,    187.594,      74.027,      0.000,
 3265,   341980.8,    187.644,      75.281,      0.000,
 3266,   342113.3,    187.618,      73.685,      0.000,
 3267,   342250.8,    187.591,      72.963,      0.000,
 3268,   342395.8,    187.680,      73.704,      0.000,
 3269,   342548.3,    187.528,      72.535,      0.000,
 3270,   342708.3,    187.529,      70.827,      0.000,
 3271,   342875.8,    187.515,      71.877,      0.000,
 3272,   343053.3,    187.476,      69.230,      0.000,
 3273,   343238.3,    187.526,      69.421,      0.000,
 3274,   343433.3,    187.499,      70.279,      0.000,
 3275,   343638.3,    187.523,      69.739,      0.000,
 3276,   343853.3,    187.459,      69.040,      0.000,
 3277,   344078.3,    187.496,      67.244,      0.000,
 3278,   344315.8,    187.496,      67.083,      0.000,
 3279,   344565.8,    187.444,      63.886,      0.000,
 3280,   344828.3,    187.417,      64.610,      0.000,
 3281,   345103.3,    187.441,      65.308,      0.000,
 3282,   345393.3,    187.339,      64.237,      0.000,
 3283,   345698.3,    187.351,      62.473,      0.000,
 3284,   346018.3,    187.299,      62.893,      0.000,
 3285,   346353.3,    187.348,      63.061,      0.000,
 3286,   346705.8,    187.284,      59.366,      0.000,
 3287,   347075.8,    187.374,      60.684,      0.000,
 3288,   347463.3,    187.212,      57.832,      0.000,
 3289,   347870.8,    187.317,      58.583,      0.000,
 3290,   348298.3,    187.215,      57.082,      0.000,
 3291,   348748.3,    187.253,      56.142,      0.000,
 3292,   349220.8,    187.229,      55.800,      0.000,
 3293,   349718.3,    187.202,      54.911,      0.000,
 3294,   350240.8,    187.054,      53.181,      0.000,
 3295,   350788.3,    187.173,      53.222,      0.000,
 3296,   351363.3,    187.096,      51.046,      0.000,
 3297,   351968.3,    187.126,      50.142,      0.000,
 3298,   352603.3,    187.149,      48.906,      0.000,
 3299,   353270.8,    187.070,      48.497,      0.000,
 3300,   353973.3,    186.982,      47.398,      0.000,
 3301,   354710.8,    187.053,      47.667,      0.000,
 3302,   355485.8,    187.024,      45.057,      0.000,
 3303,   356298.3,    186.990,      46.311,      0.000,
 3304,   357153.3,    186.926,      45.680,      0.000,
 3305,   358050.8,    186.977,      43.021,      0.000,
 3306,   358993.3,    186.940,      44.819,      0.000,
 3307,   359983.3,    186.955,      41.500,      0.000,
 3308,   361023.3,    186.865,      41.057,      0.000,
 3309,   362115.8,    186.842,      41.457,      0.000,
 3310,   363265.8,    186.744,      40.204,      0.000,
 3311,   364473.3,    186.788,      39.565,      0.000,
 3312,   365740.8,    186.721,      39.532,      0.000,
 3313,   367073.3,    186.821,      38.264,      0.000,
 3314,   368473.3,    186.730,      37.693,      0.000,
 3315,   369943.3,    186.814,      38.227,      0.000,
 3316,   371488.3,    186.675,      36.875,      0.000,
 3317,   373110.8,    186.669,      36.190,      0.000,
 3318,   374815.8,    186.696,      37.289,      0.000,
 3319,   376605.8,    186.626,      34.645,      0.000,
 3320,   378488.3,    186.571,      34.939,      0.000,
 3321,   380465.8,    186.677,      35.082,      0.000,
 3322,   382543.3,    186.577,      34.008,      0.000,
 3323,   384725.8,    186.519,      31.178,      0.000,
 3324,   387018.3,    186.558,      35.552,      0.000,
 3325,   389425.8,    186.536,      33.320,      0.000,
 3326,   391955.8,    186.507,      33.003,      0.000,
 3327,   394613.3,    186.512,      32.982,      0.000,
 3328,   397405.8,    186.504,      32.182,      0.000,
 3329,   400340.8,    186.406,      32.633,      0.000,
 3330,   403423.3,    186.457,      34.381,      0.000,
 3331,   406660.8,    186.329,      32.431,      0.000,
 3332,   410063.3,    186.439,      30.941,      0.000,
 3333,   413638.3,    186.388,      32.850,      0.000,
 3334,   417393.3,    186.349,      32.484,      0.000,
 3335,   421338.3,    186.368,      33.276,      0.000,
 3336,   425483.3,    186.339,      29.659,      0.000,
 3337,   429838.3,    186.222,      30.721,      0.000,
 3338,   434413.3,    186.316,      31.511,      0.000,
 3339,   439220.8,    186.295,      30.350,      0.000,
 3340,   444270.8,    186.223,      29.280,      0.000,
 3341,   449575.8,    186.338,      32.676,      0.000,
 3342,   455150.8,    186.152,      32.447,      0.000,
 3343,   461005.8,    186.239,      29.839,      0.000,
 3344,   467158.3,    186.240,      30.466,      0.000,
 3345,   473623.3,    186.179,      31.015,      0.000,
 3346,   480413.3,    186.172,      30.625,      0.000,
 3347,   487548.3,    186.140,      30.857,      0.000,
 3348,   495043.3,    186.122,      31.311,      0.000,
 3349,   502918.3,    186.122,      29.991,      0.000,
 3350,   511193.3,    186.120,      28.419,      0.000,
 3351,   519885.8,    186.088,      31.520,      0.000,
 3352,   529018.3,    186.065,      28.697,      0.000,
 3353,   538613.3,    186.136,      30.866,      0.000,
 3354,   548693.3,    186.085,      30.005,      0.000,
